0  0  0
0.1  0.0025474  0.050878
0.2  0.010148  0.10092
0.3  0.022676  0.14929
0.4  0.039924  0.19521
0.5  0.061609  0.23788
0.6  0.087368  0.27659
0.7  0.11677  0.31064
0.8  0.14932  0.33943
0.9  0.18446  0.36238
1  0.22159  0.37903
1.1  0.26004  0.38896
1.2  0.29915  0.39187
1.3  0.33818  0.38752
1.4  0.3764  0.37578
1.5  0.41308  0.35662
1.6  0.44748  0.33011
1.7  0.47887  0.29639
1.8  0.50653  0.25573
1.9  0.52979  0.20847
2  0.54802  0.15507
2.1  0.56062  0.09605
2.2  0.56706  0.032024
2.3  0.56688  -0.036318
2.4  0.55968  -0.10822
2.5  0.54514  -0.18286
2.6  0.52304  -0.25938
2.7  0.49324  -0.33685
2.8  0.45567  -0.41434
2.9  0.4104  -0.49088
3  0.35756  -0.56549
3.1  0.2974  -0.6372
3.2  0.23025  -0.70504
3.3  0.15655  -0.76806
3.4  0.076826  -0.82537
3.5  -0.0083049  -0.87609
3.6  -0.098145  -0.91942
3.7  -0.19192  -0.95461
3.8  -0.28877  -0.981
3.9  -0.3878  -0.99799
4  -0.48804  -1.0051
4.1  -0.58848  -1.0019
4.2  -0.68808  -0.98819
4.3  -0.78576  -0.9637
4.4  -0.88046  -0.92838
4.5  -0.97108  -0.88228
4.6  -1.0566  -0.82557
4.7  -1.1358  -0.75852
4.8  -1.2079  -0.68154
4.9  -1.2718  -0.59514
5  -1.3267  -0.49993
5.1  -1.3716  -0.39666
5.2  -1.4058  -0.28615
5.3  -1.4286  -0.16932
5.4  -1.4394  -0.047181
5.5  -1.4379  0.079184
5.6  -1.4235  0.20862
5.7  -1.3961  0.33993
5.8  -1.3555  0.47186
5.9  -1.3017  0.60312
6  -1.2349  0.73243
6.1  -1.1554  0.85846
6.2  -1.0634  0.97992
6.3  -0.95957  1.0955
6.4  -0.84453  1.204
6.5  -0.71904  1.3043
6.6  -0.58399  1.395
6.7  -0.44038  1.4753
6.8  -0.28932  1.5441
6.9  -0.13199  1.6004
7  0.030328  1.6436
7.1  0.19628  1.673
7.2  0.36444  1.6879
7.3  0.53336  1.688
7.4  0.70154  1.673
7.5  0.86745  1.6427
7.6  1.0296  1.5972
7.7  1.1864  1.5365
7.8  1.3364  1.461
7.9  1.4781  1.3711
8  1.6101  1.2673
8.1  1.7311  1.1504
8.2  1.8398  1.0212
8.3  1.935  0.88072
8.4  2.0156  0.73003
8.5  2.0807  0.57033
8.6  2.1294  0.40294
8.7  2.1611  0.22925
8.8  2.1751  0.050733
8.9  2.1711  -0.13107
9  2.1488  -0.31457
9.1  2.1082  -0.49815
9.2  2.0492  -0.68015
9.3  1.9723  -0.85893
9.4  1.8776  -1.0328
9.5  1.7659  -1.2003
9.6  1.6378  -1.3596
9.7  1.4943  -1.5094
9.8  1.3363  -1.6481
9.9  1.1651  -1.7745
10  0.98189  -1.8871
10.1  0.78816  -1.985
10.2  0.58543  -2.0669
10.3  0.37534  -2.1321
10.4  0.1596  -2.1797
10.5  -0.060006  -2.2092
10.6  -0.28163  -2.2202
10.7  -0.50341  -2.2122
10.8  -0.72344  -2.1852
10.9  -0.93982  -2.1393
11  -1.1507  -2.0747
11.1  -1.3541  -1.9917
11.2  -1.5484  -1.8909
11.3  -1.7318  -1.7731
11.4  -1.9025  -1.6391
11.5  -2.0591  -1.49
11.6  -2.2  -1.3269
11.7  -2.324  -1.1511
11.8  -2.4299  -0.96418
11.9  -2.5165  -0.76754
12  -2.5831  -0.56286
12.1  -2.6289  -0.35186
12.2  -2.6533  -0.13635
12.3  -2.6561  0.08185
12.4  -2.637  0.30085
12.5  -2.596  0.51877
12.6  -2.5333  0.73369
12.7  -2.4494  0.94375
12.8  -2.3448  1.1471
12.9  -2.2202  1.3419
13  -2.0767  1.5265
13.1  -1.9153  1.6992
13.2  -1.7373  1.8584
13.3  -1.5442  2.0028
13.4  -1.3373  2.1309
13.5  -1.1186  2.2417
13.6  -0.88962  2.334
13.7  -0.6524  2.4071
13.8  -0.40887  2.4602
13.9  -0.16105  2.4928
14  0.08899  2.5045
14.1  0.33915  2.4951
14.2  0.58732  2.4648
14.3  0.83141  2.4137
14.4  1.0694  2.3421
14.5  1.2992  2.2506
14.6  1.5189  2.1401
14.7  1.7266  2.0113
14.8  1.9205  1.8653
14.9  2.0991  1.7035
15  2.2608  1.5271
15.1  2.4041  1.3377
15.2  2.5279  1.1368
15.3  2.6311  0.92619
15.4  2.7129  0.70765
15.5  2.7725  0.48306
15.6  2.8094  0.25435
15.7  2.8233  0.023461
15.8  2.814  -0.20761
15.9  2.7818  -0.43688
16  2.7268  -0.66239
16.1  2.6495  -0.8822
16.2  2.5506  -1.0944
16.3  2.4309  -1.2973
16.4  2.2915  -1.489
16.5  2.1336  -1.668
16.6  1.9584  -1.8327
16.7  1.7676  -1.9817
16.8  1.5626  -2.1138
16.9  1.3454  -2.2279
17  1.1177  -2.3231
17.1  0.88143  -2.3986
17.2  0.63864  -2.4537
17.3  0.39138  -2.4881
17.4  0.14172  -2.5016
17.5  -0.10823  -2.494
17.6  -0.35638  -2.4655
17.7  -0.60065  -2.4165
17.8  -0.83902  -2.3474
17.9  -1.0695  -2.259
18  -1.2902  -2.152
18.1  -1.4993  -2.0274
18.2  -1.6951  -1.8864
18.3  -1.8761  -1.7303
18.4  -2.0407  -1.5605
18.5  -2.1878  -1.3785
18.6  -2.3161  -1.186
18.7  -2.4247  -0.98468
18.8  -2.5128  -0.7763
18.9  -2.5798  -0.5627
19  -2.6252  -0.34576
19.1  -2.6489  -0.12738
19.2  -2.6507  0.090568
19.3  -2.6308  0.3062
19.4  -2.5896  0.51767
19.5  -2.5275  0.72318
19.6  -2.4452  0.92101
19.7  -2.3436  1.1095
19.8  -2.2237  1.2871
19.9  -2.0866  1.4524
20  -1.9337  1.604
20.1  -1.7663  1.7407
20.2  -1.5861  1.8615
20.3  -1.3946  1.9655
20.4  -1.1936  2.0518
20.5  -0.98481  2.1201
20.6  -0.77016  2.1697
20.7  -0.55149  2.2005
20.8  -0.33069  2.2124
20.9  -0.10965  2.2054
21  0.10977  2.1799
21.1  0.32572  2.1362
21.2  0.53642  2.0749
21.3  0.74014  1.9968
21.4  0.93524  1.9027
21.5  1.1202  1.7936
21.6  1.2935  1.6706
21.7  1.4539  1.5351
21.8  1.6001  1.3883
21.9  1.7312  1.2317
22  1.8462  1.0667
22.1  1.9443  0.89496
22.2  2.025  0.71804
22.3  2.0878  0.53759
22.4  2.1325  0.35523
22.5  2.1589  0.17261
22.6  2.167  -0.0086579
22.7  2.1572  -0.18698
22.8  2.1298  -0.36083
22.9  2.0852  -0.52872
23  2.0243  -0.68926
23.1  1.9477  -0.84112
23.2  1.8564  -0.98309
23.3  1.7514  -1.1141
23.4  1.634  -1.233
23.5  1.5053  -1.3392
23.6  1.3666  -1.4317
23.7  1.2194  -1.51
23.8  1.0651  -1.5737
23.9  0.90515  -1.6224
24  0.7411  -1.6561
24.1  0.57445  -1.6745
24.2  0.4067  -1.6779
24.3  0.23935  -1.6666
24.4  0.073864  -1.6409
24.5  -0.088356  -1.6013
24.6  -0.24595  -1.5485
24.7  -0.39763  -1.4832
24.8  -0.54221  -1.4064
24.9  -0.67855  -1.3189
25  -0.80566  -1.2218
25.1  -0.92263  -1.1162
25.2  -1.0287  -1.0034
25.3  -1.1231  -0.88446
25.4  -1.2054  -0.76071
25.5  -1.2751  -0.63343
25.6  -1.332  -0.50391
25.7  -1.3759  -0.37344
25.8  -1.4067  -0.24328
25.9  -1.4246  -0.11469
26  -1.4297  0.011142
26.1  -1.4225  0.13307
26.2  -1.4033  0.24999
26.3  -1.3727  0.36092
26.4  -1.3313  0.46491
26.5  -1.28  0.56112
26.6  -1.2194  0.64882
26.7  -1.1505  0.72737
26.8  -1.0742  0.79624
26.9  -0.9916  0.85501
27  -0.90359  0.90338
27.1  -0.81128  0.94117
27.2  -0.71572  0.9683
27.3  -0.61797  0.98482
27.4  -0.5191  0.99089
27.5  -0.42013  0.98677
27.6  -0.32207  0.97282
27.7  -0.22588  0.94952
27.8  -0.13246  0.91742
27.9  -0.042668  0.87716
28  0.042721  0.82946
28.1  0.123  0.77509
28.2  0.19754  0.7149
28.3  0.26582  0.64977
28.4  0.32736  0.58061
28.5  0.38184  0.50838
28.6  0.42897  0.43402
28.7  0.4686  0.3585
28.8  0.50066  0.28276
28.9  0.52518  0.20774
29  0.54227  0.13434
29.1  0.55213  0.063412
29.2  0.55506  -0.0042278
29.3  0.55142  -0.067825
29.4  0.54165  -0.12669
29.5  0.52626  -0.18022
29.6  0.5058  -0.22786
29.7  0.4809  -0.26918
29.8  0.45219  -0.3038
29.9  0.42037  -0.33147
30  0.38613  -0.35201
30.1  0.35021  -0.36534
30.2  0.31331  -0.37147
30.3  0.27615  -0.37052
30.4  0.23943  -0.3627
30.5  0.20383  -0.34829
30.6  0.16998  -0.32768
30.7  0.13848  -0.30133
30.8  0.10989  -0.26975
30.9  0.084688  -0.23356
31  0.06331  -0.1934
31.1  0.046117  -0.14998
31.2  0.033398  -0.10405
31.3  0.025365  -0.05638
31.4  0.022153  -0.0077761
31.5  0.023814  0.040952
31.6  0.03032  0.088993
31.7  0.041563  0.13554
31.8  0.057353  0.17981
31.9  0.077424  0.22105
32  0.10144  0.25854
32.1  0.12898  0.2916
32.2  0.15959  0.31962
32.3  0.19272  0.34206
32.4  0.2278  0.35843
32.5  0.26419  0.36833
32.6  0.30124  0.37144
32.7  0.33825  0.36753
32.8  0.3745  0.35646
32.9  0.4093  0.33818
33  0.4419  0.31275
33.1  0.47161  0.2803
33.2  0.49774  0.24108
33.3  0.51961  0.19543
33.4  0.53662  0.14376
33.5  0.54818  0.086579
33.6  0.55377  0.024485
33.7  0.55294  -0.04186
33.8  0.54528  -0.11172
33.9  0.5305  -0.18431
34  0.50836  -0.25877
34.1  0.47871  -0.33423
34.2  0.44151  -0.40976
34.3  0.39679  -0.48441
34.4  0.34469  -0.55724
34.5  0.28544  -0.62728
34.6  0.21936  -0.69359
34.7  0.14687  -0.75525
34.8  0.068492  -0.81136
34.9  -0.015187  -0.86108
35  -0.10348  -0.9036
35.1  -0.19564  -0.93819
35.2  -0.29084  -0.9642
35.3  -0.38818  -0.98103
35.4  -0.48672  -0.9882
35.5  -0.58548  -0.98531
35.6  -0.68343  -0.97206
35.7  -0.77954  -0.94827
35.8  -0.87273  -0.91386
35.9  -0.96196  -0.86887
36  -1.0462  -0.81344
36.1  -1.1243  -0.74784
36.2  -1.1954  -0.67246
36.3  -1.2585  -0.58779
36.4  -1.3127  -0.49443
36.5  -1.3571  -0.39309
36.6  -1.391  -0.28457
36.7  -1.4138  -0.16978
36.8  -1.4248  -0.049701
36.9  -1.4236  0.07461
37  -1.4098  0.20203
37.1  -1.3831  0.33136
37.2  -1.3435  0.4614
37.3  -1.2909  0.59087
37.4  -1.2254  0.71851
37.5  -1.1473  0.84301
37.6  -1.0569  0.96311
37.7  -0.95485  1.0775
37.8  -0.84166  1.1851
37.9  -0.71811  1.2845
38  -0.58507  1.3747
38.1  -0.44351  1.4547
38.2  -0.29451  1.5233
38.3  -0.13925  1.5799
38.4  0.021028  1.6235
38.5  0.18499  1.6534
38.6  0.35124  1.6693
38.7  0.51835  1.6705
38.8  0.68484  1.6568
38.9  0.84921  1.6281
39  1.0099  1.5842
39.1  1.1656  1.5255
39.2  1.3146  1.452
39.3  1.4555  1.3643
39.4  1.587  1.2629
39.5  1.7076  1.1484
39.6  1.8162  1.0217
39.7  1.9116  0.88381
39.8  1.9927  0.73568
39.9  2.0584  0.57854
40  2.1081  0.41367
40.1  2.141  0.24243
40.2  2.1564  0.06628
40.3  2.1541  -0.11328
40.4  2.1337  -0.29468
40.5  2.0952  -0.47632
40.6  2.0385  -0.65658
40.7  1.9639  -0.83382
40.8  1.8719  -1.0064
40.9  1.7629  -1.1728
41  1.6376  -1.3314
41.1  1.4969  -1.4806
41.2  1.3418  -1.6191
41.3  1.1735  -1.7455
41.4  0.99317  -1.8585
41.5  0.80228  -1.9569
41.6  0.60231  -2.0398
41.7  0.39486  -2.1062
41.8  0.18164  -2.1554
41.9  -0.035612  -2.1866
42  -0.25507  -2.1995
42.1  -0.4749  -2.1938
42.2  -0.69321  -2.1693
42.3  -0.90813  -2.1261
42.4  -1.1178  -2.0642
42.5  -1.3204  -1.9842
42.6  -1.5141  -1.8866
42.7  -1.6971  -1.7719
42.8  -1.8679  -1.6412
42.9  -2.0249  -1.4953
43  -2.1665  -1.3355
43.1  -2.2915  -1.163
43.2  -2.3987  -0.97917
43.3  -2.487  -0.78559
43.4  -2.5556  -0.58385
43.5  -2.6036  -0.37564
43.6  -2.6305  -0.16271
43.7  -2.636  0.05311
43.8  -2.6199  0.26998
43.9  -2.5821  0.48601
44  -2.5228  0.69935
44.1  -2.4423  0.90811
44.2  -2.3414  1.1105
44.3  -2.2205  1.3047
44.4  -2.0808  1.4889
44.5  -1.9231  1.6617
44.6  -1.7489  1.8213
44.7  -1.5593  1.9664
44.8  -1.3561  2.0956
44.9  -1.1408  2.2078
45  -0.91515  2.3019
45.1  -0.68104  2.377
45.2  -0.4404  2.4325
45.3  -0.19522  2.4677
45.4  0.052459  2.4823
45.5  0.30056  2.4761
45.6  0.54699  2.4491
45.7  0.78969  2.4015
45.8  1.0266  2.3336
45.9  1.2557  2.2459
46  1.4752  2.1391
46.1  1.683  2.0142
46.2  1.8774  1.8722
46.3  2.0569  1.7142
46.4  2.2198  1.5416
46.5  2.3648  1.3559
46.6  2.4906  1.1585
46.7  2.5961  0.95129
46.8  2.6806  0.73594
46.9  2.7431  0.5143
47  2.7833  0.28826
47.1  2.8007  0.059776
47.2  2.7952  -0.16921
47.3  2.7669  -0.39673
47.4  2.716  -0.62083
47.5  2.6429  -0.8396
47.6  2.5483  -1.0512
47.7  2.433  -1.2537
47.8  2.2979  -1.4456
47.9  2.1443  -1.625
48  1.9734  -1.7906
48.1  1.7867  -1.9409
48.2  1.5857  -2.0747
48.3  1.3723  -2.1908
48.4  1.1482  -2.2883
48.5  0.9153  -2.3664
48.6  0.67558  -2.4245
48.7  0.43108  -2.4621
48.8  0.18385  -2.479
48.9  -0.064036  -2.4752
49  -0.31049  -2.4506
49.1  -0.55347  -2.4056
49.2  -0.79094  -2.3406
49.3  -1.0209  -2.2563
49.4  -1.2416  -2.1535
49.5  -1.4511  -2.0332
49.6  -1.6477  -1.8964
49.7  -1.8298  -1.7444
49.8  -1.9961  -1.5786
49.9  -2.1451  -1.4004
50  -2.2758  -1.2116
50.1  -2.3872  -1.0137
50.2  -2.4783  -0.80845
50.3  -2.5487  -0.59775
50.4  -2.5977  -0.3834
50.5  -2.6253  -0.16726
50.6  -2.6312  0.048778
50.7  -2.6156  0.26287
50.8  -2.5787  0.47319
50.9  -2.5211  0.67795
51  -2.4434  0.87542
51.1  -2.3463  1.064
51.2  -2.231  1.242
51.3  -2.0983  1.4081
51.4  -1.9498  1.561
51.5  -1.7866  1.6993
51.6  -1.6104  1.8221
51.7  -1.4228  1.9284
51.8  -1.2253  2.0174
51.9  -1.0199  2.0886
52  -0.80822  2.1415
52.1  -0.5922  2.1758
52.2  -0.37369  2.1913
52.3  -0.15456  2.1882
52.4  0.063336  2.1667
52.5  0.27817  2.1271
52.6  0.48818  2.07
52.7  0.69162  1.9961
52.8  0.88686  1.9062
52.9  1.0724  1.8013
53  1.2467  1.6824
53.1  1.4084  1.5509
53.2  1.5565  1.4079
53.3  1.6897  1.2549
53.4  1.8071  1.0933
53.5  1.9081  0.92473
53.6  1.9919  0.75069
53.7  2.0581  0.57281
53.8  2.1064  0.3927
53.9  2.1366  0.21198
54  2.1488  0.032263
54.1  2.1432  -0.14489
54.2  2.12  -0.31795
54.3  2.0798  -0.48543
54.4  2.0231  -0.64595
54.5  1.9508  -0.79817
54.6  1.8638  -0.94089
54.7  1.763  -1.073
54.8  1.6496  -1.1934
54.9  1.5248  -1.3014
55  1.3898  -1.3961
55.1  1.246  -1.4768
55.2  1.0949  -1.5433
55.3  0.93784  -1.595
55.4  0.77638  -1.6318
55.5  0.61198  -1.6537
55.6  0.44614  -1.6607
55.7  0.28034  -1.653
55.8  0.11602  -1.6311
55.9  -0.04541  -1.5953
56  -0.2026  -1.5464
56.1  -0.35427  -1.4849
56.2  -0.4992  -1.4119
56.3  -0.63629  -1.3281
56.4  -0.7645  -1.2346
56.5  -0.88292  -1.1325
56.6  -0.99075  -1.0229
56.7  -1.0873  -0.90704
56.8  -1.172  -0.78611
56.9  -1.2444  -0.66139
57  -1.3042  -0.53415
57.1  -1.3512  -0.40566
57.2  -1.3853  -0.27716
57.3  -1.4067  -0.1499
57.4  -1.4154  -0.025068
57.5  -1.4118  0.096201
57.6  -1.3963  0.21282
57.7  -1.3694  0.32378
57.8  -1.3318  0.42814
57.9  -1.284  0.52507
58  -1.227  0.61381
58.1  -1.1616  0.6937
58.2  -1.0886  0.76421
58.3  -1.0091  0.8249
58.4  -0.92395  0.87544
58.5  -0.83431  0.91563
58.6  -0.74117  0.94537
58.7  -0.64559  0.96468
58.8  -0.54858  0.97368
58.9  -0.45119  0.97261
59  -0.35438  0.96181
59.1  -0.25913  0.94171
59.2  -0.16634  0.91284
59.3  -0.076838  0.8758
59.4  0.0085763  0.83129
59.5  0.089196  0.78004
59.6  0.16439  0.72288
59.7  0.2336  0.66065
59.8  0.29638  0.59425
59.9  0.35234  0.52459
60  0.40122  0.45261
60.1  0.44282  0.37924
60.2  0.47705  0.30543
60.3  0.50392  0.23208
60.4  0.52351  0.16008
60.5  0.53601  0.090275
60.6  0.54167  0.023479
60.7  0.54083  -0.039563
60.8  0.5339  -0.098164
60.9  0.52137  -0.15171
61  0.50375  -0.19966
61.1  0.48164  -0.24155
61.2  0.45565  -0.27703
61.3  0.42645  -0.30579
61.4  0.39472  -0.32767
61.5  0.36115  -0.34255
61.6  0.32645  -0.35045
61.7  0.29129  -0.35144
61.8  0.25638  -0.34572
61.9  0.22237  -0.33355
62  0.18987  -0.31528
62.1  0.1595  -0.29135
62.2  0.13178  -0.26226
62.3  0.1072  -0.22858
62.4  0.086193  -0.19093
62.5  0.069123  -0.15
62.6  0.056279  -0.1065
62.7  0.047882  -0.061198
62.8  0.044074  -0.014856
62.9  0.044919  0.031734
63  0.050403  0.07778
63.1  0.060431  0.1225
63.2  0.074832  0.16512
63.3  0.09336  0.2049
63.4  0.11569  0.24115
63.5  0.14145  0.27319
63.6  0.17017  0.30042
63.7  0.20135  0.32229
63.8  0.23444  0.33834
63.9  0.26881  0.34815
64  0.30385  0.35141
64.1  0.33887  0.34788
64.2  0.37319  0.33741
64.3  0.40612  0.31996
64.4  0.43695  0.29554
64.5  0.465  0.2643
64.6  0.48959  0.22647
64.7  0.51008  0.18234
64.8  0.52586  0.13234
64.9  0.53637  0.076939
65  0.54109  0.016717
65.1  0.53957  -0.047688
65.2  0.53144  -0.11557
65.3  0.51637  -0.18615
65.4  0.49415  -0.25861
65.5  0.46462  -0.33208
65.6  0.42772  -0.40568
65.7  0.38351  -0.47848
65.8  0.33209  -0.54955
65.9  0.27369  -0.61794
66  0.20862  -0.68274
66.1  0.13729  -0.74304
66.2  0.060189  -0.79796
66.3  -0.022096  -0.84666
66.4  -0.10891  -0.88836
66.5  -0.19951  -0.92233
66.6  -0.2931  -0.94793
66.7  -0.3888  -0.96456
66.8  -0.48569  -0.97175
66.9  -0.58282  -0.9691
67  -0.67917  -0.9563
67.1  -0.77373  -0.93317
67.2  -0.86546  -0.89962
67.3  -0.95331  -0.85568
67.4  -1.0363  -0.80148
67.5  -1.1133  -0.73728
67.6  -1.1834  -0.66344
67.7  -1.2457  -0.58044
67.8  -1.2992  -0.48887
67.9  -1.3432  -0.3894
68  -1.3768  -0.28282
68.1  -1.3995  -0.17002
68.2  -1.4107  -0.051949
68.3  -1.4098  0.070356
68.4  -1.3965  0.19579
68.5  -1.3706  0.3232
68.6  -1.3318  0.45137
68.7  -1.2803  0.57908
68.8  -1.2161  0.70507
68.9  -1.1394  0.82807
69  -1.0506  0.94682
69.1  -0.9502  1.0601
69.2  -0.8388  1.1666
69.3  -0.71714  1.2653
69.4  -0.58605  1.3549
69.5  -0.44649  1.4345
69.6  -0.29952  1.5031
69.7  -0.14627  1.5597
69.8  0.012008  1.6037
69.9  0.17402  1.6343
70  0.3384  1.6509
70.1  0.50373  1.6532
70.2  0.66855  1.6408
70.3  0.8314  1.6136
70.4  0.99077  1.5714
70.5  1.1452  1.5145
70.6  1.2932  1.4431
70.7  1.4333  1.3576
70.8  1.5643  1.2584
70.9  1.6846  1.1463
71  1.7931  1.0221
71.1  1.8886  0.88666
71.2  1.9701  0.74105
71.3  2.0366  0.58643
71.4  2.0871  0.42403
71.5  2.1211  0.25521
71.6  2.138  0.081387
71.7  2.1373  -0.095955
71.8  2.1188  -0.27528
71.9  2.0822  -0.455
72  2.0278  -0.63352
72.1  1.9556  -0.80924
72.2  1.8661  -0.98054
72.3  1.7597  -1.1458
72.4  1.6372  -1.3036
72.5  1.4993  -1.4523
72.6  1.3471  -1.5905
72.7  1.1816  -1.7169
72.8  1.0041  -1.8302
72.9  0.81601  -1.9293
73  0.61876  -2.0131
73.1  0.41394  -2.0806
73.2  0.2032  -2.1312
73.3  -0.011712  -2.1642
73.4  -0.22902  -2.179
73.5  -0.44691  -2.1755
73.6  -0.66351  -2.1534
73.7  -0.87697  -2.1127
73.8  -1.0854  -2.0537
73.9  -1.2871  -1.9766
74  -1.4802  -1.882
74.1  -1.6629  -1.7705
74.2  -1.8337  -1.6429
74.3  -1.991  -1.5003
74.4  -2.1333  -1.3437
74.5  -2.2593  -1.1743
74.6  -2.3678  -0.99366
74.7  -2.4577  -0.80312
74.8  -2.5281  -0.60429
74.9  -2.5784  -0.39883
75  -2.6078  -0.18848
75.1  -2.6159  0.024968
75.2  -2.6027  0.2397
75.3  -2.568  0.45386
75.4  -2.512  0.66559
75.5  -2.435  0.87305
75.6  -2.3376  1.0744
75.7  -2.2204  1.2679
75.8  -2.0844  1.4519
75.9  -1.9304  1.6246
76  -1.7599  1.7846
76.1  -1.574  1.9304
76.2  -1.3743  2.0606
76.3  -1.1624  2.1742
76.4  -0.94006  2.27
76.5  -0.70904  2.3471
76.6  -0.47128  2.4049
76.7  -0.22874  2.4427
76.8  0.016573  2.4601
76.9  0.2626  2.457
77  0.50728  2.4332
77.1  0.74856  2.389
77.2  0.98442  2.3247
77.3  1.2128  2.2407
77.4  1.4319  2.1378
77.5  1.6398  2.0167
77.6  1.8347  1.8785
77.7  2.015  1.7243
77.8  2.1791  1.5555
77.9  2.3256  1.3734
78  2.4533  1.1796
78.1  2.5612  0.9757
78.2  2.6482  0.76352
78.3  2.7137  0.54482
78.4  2.757  0.32147
78.5  2.7779  0.095392
78.6  2.7761  -0.13149
78.7  2.7516  -0.35723
78.8  2.7047  -0.57989
78.9  2.6358  -0.79759
79  2.5454  -1.0085
79.1  2.4344  -1.2107
79.2  2.3036  -1.4026
79.3  2.1543  -1.5825
79.4  1.9876  -1.7489
79.5  1.805  -1.9004
79.6  1.6081  -2.0357
79.7  1.3984  -2.1537
79.8  1.1779  -2.2535
79.9  0.94838  -2.3342
80  0.71174  -2.3952
80.1  0.47002  -2.436
80.2  0.22524  -2.4563
80.3  -0.020549  -2.456
80.4  -0.26528  -2.4352
80.5  -0.50691  -2.3941
80.6  -0.74345  -2.3332
80.7  -0.97292  -2.2531
80.8  -1.1934  -2.1545
80.9  -1.4032  -2.0383
81  -1.6006  -1.9056
81.1  -1.7838  -1.7577
81.2  -1.9516  -1.5959
81.3  -2.1026  -1.4216
81.4  -2.2356  -1.2363
81.5  -2.3496  -1.0418
81.6  -2.4437  -0.8398
81.7  -2.5173  -0.632
81.8  -2.57  -0.42025
81.9  -2.6013  -0.2064
82  -2.6112  0.0077046
82.1  -2.5998  0.22023
82.2  -2.5673  0.42935
82.3  -2.5141  0.63329
82.4  -2.4409  0.83035
82.5  -2.3483  1.0189
82.6  -2.2374  1.1973
82.7  -2.1093  1.3642
82.8  -1.965  1.5182
82.9  -1.8061  1.6581
83  -1.6339  1.7828
83.1  -1.4501  1.8913
83.2  -1.2562  1.9829
83.3  -1.0541  2.057
83.4  -0.84543  2.113
83.5  -0.63209  2.1507
83.6  -0.41591  2.1699
83.7  -0.19874  2.1706
83.8  0.01759  2.153
83.9  0.23126  2.1175
84  0.4405  2.0645
84.1  0.6436  1.9947
84.2  0.83891  1.909
84.3  1.0249  1.8082
84.4  1.2001  1.6934
84.5  1.3632  1.5658
84.6  1.5129  1.4266
84.7  1.6481  1.2772
84.8  1.768  1.1191
84.9  1.8717  0.95364
85  1.9586  0.7825
85.1  2.0281  0.60721
85.2  2.0799  0.42939
85.3  2.1139  0.25062
85.4  2.1301  0.072486
85.5  2.1285  -0.10344
85.6  2.1095  -0.27564
85.7  2.0735  -0.44266
85.8  2.0212  -0.60308
85.9  1.9532  -0.7556
86  1.8704  -0.89899
86.1  1.7737  -1.0321
86.2  1.6643  -1.154
86.3  1.5433  -1.2637
86.4  1.412  -1.3604
86.5  1.2717  -1.4436
86.6  1.1238  -1.5126
86.7  0.96966  -1.5673
86.8  0.81081  -1.6072
86.9  0.64871  -1.6324
87  0.48482  -1.6429
87.1  0.32062  -1.6388
87.2  0.15753  -1.6206
87.3  -0.0030457  -1.5886
87.4  -0.15976  -1.5435
87.5  -0.31133  -1.4859
87.6  -0.45655  -1.4166
87.7  -0.59429  -1.3365
87.8  -0.72353  -1.2466
87.9  -0.84332  -1.1479
88  -0.95286  -1.0416
88.1  -1.0514  -0.92877
88.2  -1.1384  -0.81067
88.3  -1.2134  -0.68853
88.4  -1.276  -0.56359
88.5  -1.3261  -0.43711
88.6  -1.3635  -0.31032
88.7  -1.3882  -0.18444
88.8  -1.4004  -0.06066
88.9  -1.4004  0.059894
89  -1.3886  0.17614
89.1  -1.3654  0.28707
89.2  -1.3314  0.39173
89.3  -1.2873  0.48929
89.4  -1.2338  0.57899
89.5  -1.1718  0.66015
89.6  -1.1021  0.73221
89.7  -1.0256  0.79474
89.8  -0.94344  0.84737
89.9  -0.85649  0.88988
90  -0.7658  0.92215
90.1  -0.6724  0.94418
90.2  -0.57731  0.95604
90.3  -0.48152  0.95797
90.4  -0.38604  0.95025
90.5  -0.29178  0.9333
90.6  -0.19967  0.90761
90.7  -0.11053  0.87375
90.8  -0.025168  0.83239
90.9  0.055716  0.78423
91  0.13148  0.73007
91.1  0.20156  0.67073
91.2  0.26548  0.60707
91.3  0.32286  0.53999
91.4  0.3734  0.4704
91.5  0.41689  0.39921
91.6  0.45321  0.32734
91.7  0.48236  0.25569
91.8  0.50439  0.18512
91.9  0.51945  0.11649
92  0.52778  0.05059
92.1  0.52968  -0.011841
92.2  0.52555  -0.070116
92.3  0.51582  -0.12362
92.4  0.501  -0.1718
92.5  0.48165  -0.21421
92.6  0.45837  -0.25046
92.7  0.43178  -0.28025
92.8  0.40254  -0.30339
92.9  0.37132  -0.31976
93  0.33881  -0.32934
93.1  0.30568  -0.33221
93.2  0.27259  -0.32852
93.3  0.24019  -0.31851
93.4  0.20909  -0.30253
93.5  0.17987  -0.28096
93.6  0.15306  -0.25429
93.7  0.12916  -0.22307
93.8  0.10858  -0.18789
93.9  0.091691  -0.14941
94  0.078786  -0.10832
94.1  0.07009  -0.065352
94.2  0.065753  -0.021252
94.3  0.065851  0.023211
94.4  0.070382  0.067268
94.5  0.079266  0.11015
94.6  0.092348  0.15112
94.7  0.1094  0.18943
94.8  0.13012  0.22441
94.9  0.15415  0.2554
95  0.18105  0.2818
95.1  0.21034  0.30308
95.2  0.24148  0.31876
95.3  0.27389  0.32844
95.4  0.30696  0.33179
95.5  0.34003  0.32859
95.6  0.37245  0.31866
95.7  0.40354  0.30196
95.8  0.43262  0.2785
95.9  0.45902  0.24841
96  0.48208  0.21188
96.1  0.50119  0.16923
96.2  0.51574  0.12083
96.3  0.52518  0.067147
96.4  0.52901  0.0087358
96.5  0.52679  -0.053786
96.6  0.51814  -0.11973
96.7  0.50275  -0.18836
96.8  0.4804  -0.25886
96.9  0.45095  -0.3304
97  0.41432  -0.40211
97.1  0.37055  -0.47308
97.2  0.31976  -0.5424
97.3  0.26215  -0.60917
97.4  0.19804  -0.67247
97.5  0.1278  -0.73141
97.6  0.05193  -0.78513
97.7  -0.029021  -0.83282
97.8  -0.11441  -0.87368
97.9  -0.20351  -0.90702
98  -0.29554  -0.93218
98.1  -0.38965  -0.9486
98.2  -0.48495  -0.95577
98.3  -0.58048  -0.95332
98.4  -0.67528  -0.94093
98.5  -0.76833  -0.91841
98.6  -0.85862  -0.88568
98.7  -0.94513  -0.84273
98.8  -1.0268  -0.78971
98.9  -1.1027  -0.72684
99  -1.1719  -0.65449
99.1  -1.2333  -0.57311
99.2  -1.2862  -0.48326
99.3  -1.3297  -0.38561
99.4  -1.3631  -0.28092
99.5  -1.3857  -0.17005
99.6  -1.3969  -0.053938
99.7  -1.3964  0.066405
99.8  -1.3836  0.1899
99.9  -1.3583  0.31541
100  -1.3204  0.44177
100.1  -1.27  0.56774
100.2  -1.207  0.69211
100.3  -1.1316  0.81362
100.4  -1.0444  0.93103
100.5  -0.94561  1.0431
100.6  -0.83596  1.1487
100.7  -0.71613  1.2465
100.8  -0.58695  1.3356
100.9  -0.44934  1.4149
101  -0.30434  1.4833
101.1  -0.15307  1.54
101.2  0.0032553  1.5843
101.3  0.16336  1.6155
101.4  0.3259  1.6329
101.5  0.48948  1.6362
101.6  0.65266  1.6251
101.7  0.814  1.5993
101.8  0.97203  1.5588
101.9  1.1253  1.5037
102  1.2723  1.4342
102.1  1.4117  1.3508
102.2  1.542  1.2539
102.3  1.662  1.1441
102.4  1.7704  1.0223
102.5  1.8661  0.88929
102.6  1.9479  0.74615
102.7  2.015  0.59399
102.8  2.0665  0.43403
102.9  2.1016  0.26759
103  2.1198  0.096068
103.1  2.1207  -0.079084
103.2  2.1039  -0.25635
103.3  2.0694  -0.43417
103.4  2.0171  -0.61097
103.5  1.9473  -0.78517
103.6  1.8602  -0.95516
103.7  1.7565  -1.1194
103.8  1.6366  -1.2763
103.9  1.5015  -1.4245
104  1.3521  -1.5624
104.1  1.1894  -1.6888
104.2  1.0147  -1.8024
104.3  0.82937  -1.902
104.4  0.63481  -1.9866
104.5  0.43258  -2.0553
104.6  0.22431  -2.1073
104.7  0.011705  -2.1419
104.8  -0.20347  -2.1587
104.9  -0.41942  -2.1573
105  -0.63431  -2.1375
105.1  -0.84631  -2.0994
105.2  -1.0536  -2.043
105.3  -1.2543  -1.9688
105.4  -1.4468  -1.8772
105.5  -1.6292  -1.7687
105.6  -1.8  -1.6443
105.7  -1.9575  -1.5048
105.8  -2.1005  -1.3514
105.9  -2.2274  -1.1852
106  -2.3371  -1.0077
106.1  -2.4286  -0.82012
106.2  -2.5009  -0.62418
106.3  -2.5532  -0.42146
106.4  -2.585  -0.21368
106.5  -2.5958  -0.0025868
106.6  -2.5855  0.21001
106.7  -2.5538  0.42228
106.8  -2.5011  0.6324
106.9  -2.4275  0.83854
107  -2.3336  1.0389
107.1  -2.22  1.2317
107.2  -2.0875  1.4153
107.3  -1.9373  1.588
107.4  -1.7704  1.7483
107.5  -1.5881  1.8947
107.6  -1.3919  2.0259
107.7  -1.1834  2.1408
107.8  -0.96435  2.2382
107.9  -0.73642  2.3173
108  -0.50153  2.3773
108.1  -0.26162  2.4176
108.2  -0.018679  2.4378
108.3  0.22527  2.4377
108.4  0.46818  2.4171
108.5  0.70802  2.3763
108.6  0.94277  2.3155
108.7  1.1705  2.2352
108.8  1.3892  2.1359
108.9  1.5971  2.0186
109  1.7923  1.8842
109.1  1.9734  1.7338
109.2  2.1386  1.5687
109.3  2.2867  1.3902
109.4  2.4163  1.1999
109.5  2.5263  0.99942
109.6  2.6159  0.79039
109.7  2.6842  0.57463
109.8  2.7306  0.35398
109.9  2.7549  0.13032
110  2.7567  -0.094439
110.1  2.736  -0.31838
110.2  2.6931  -0.53958
110.3  2.6282  -0.75616
110.4  2.5421  -0.96627
110.5  2.4353  -1.1681
110.6  2.3088  -1.36
110.7  2.1636  -1.5403
110.8  2.0011  -1.7075
110.9  1.8226  -1.8601
111  1.6297  -1.9969
111.1  1.4238  -2.1168
111.2  1.2069  -2.2188
111.3  0.98069  -2.302
111.4  0.74714  -2.3658
111.5  0.5082  -2.4096
111.6  0.26589  -2.4332
111.7  0.022231  -2.4365
111.8  -0.22074  -2.4194
111.9  -0.46099  -2.3823
112  -0.69653  -2.3254
112.1  -0.92542  -2.2493
112.2  -1.1458  -2.1548
112.3  -1.3558  -2.0428
112.4  -1.5538  -1.9142
112.5  -1.7381  -1.7703
112.6  -1.9074  -1.6124
112.7  -2.0602  -1.4419
112.8  -2.1954  -1.2603
112.9  -2.3119  -1.0692
113  -2.409  -0.87035
113.1  -2.4858  -0.66546
113.2  -2.5419  -0.45634
113.3  -2.577  -0.2448
113.4  -2.5909  -0.032657
113.5  -2.5836  0.17825
113.6  -2.5553  0.38613
113.7  -2.5065  0.58921
113.8  -2.4377  0.7858
113.9  -2.3496  0.97424
114  -2.2432  1.153
114.1  -2.1194  1.3206
114.2  -1.9795  1.4757
114.3  -1.8247  1.617
114.4  -1.6565  1.7435
114.5  -1.4765  1.8542
114.6  -1.2863  1.9484
114.7  -1.0874  2.0252
114.8  -0.8818  2.0843
114.9  -0.67117  2.1253
115  -0.45735  2.148
115.1  -0.24217  2.1524
115.2  -0.027467  2.1387
115.3  0.18498  2.1072
115.4  0.39339  2.0583
115.5  0.59608  1.9927
115.6  0.7914  1.9111
115.7  0.97779  1.8144
115.8  1.1538  1.7036
115.9  1.3181  1.5799
116  1.4694  1.4445
116.1  1.6066  1.2987
116.2  1.7288  1.144
116.3  1.8352  0.9817
116.4  1.925  0.81347
116.5  1.9977  0.64081
116.6  2.053  0.46529
116.7  2.0907  0.2885
116.8  2.1107  0.11201
116.9  2.1132  -0.062636
117  2.0983  -0.23393
117.1  2.0666  -0.40041
117.2  2.0185  -0.56068
117.3  1.9547  -0.71342
117.4  1.8761  -0.8574
117.5  1.7835  -0.99149
117.6  1.6781  -1.1147
117.7  1.561  -1.226
117.8  1.4333  -1.3247
117.9  1.2965  -1.4102
118  1.1518  -1.4818
118.1  1.0006  -1.5393
118.2  0.8444  -1.5823
118.3  0.68463  -1.6107
118.4  0.52275  -1.6246
118.5  0.36019  -1.6241
118.6  0.19839  -1.6096
118.7  0.038735  -1.5813
118.8  -0.11744  -1.54
118.9  -0.26884  -1.4861
119  -0.41427  -1.4205
119.1  -0.55259  -1.3441
119.2  -0.68276  -1.2577
119.3  -0.80384  -1.1625
119.4  -0.91499  -1.0594
119.5  -1.0155  -0.94964
119.6  -1.1047  -0.83439
119.7  -1.1822  -0.71484
119.8  -1.2476  -0.59223
119.9  -1.3006  -0.4678
120  -1.3411  -0.34275
120.1  -1.3692  -0.21831
120.2  -1.3849  -0.09563
120.3  -1.3884  0.02415
120.4  -1.3802  0.13996
120.5  -1.3606  0.25078
120.6  -1.3302  0.35568
120.7  -1.2897  0.4538
120.8  -1.2397  0.54437
120.9  -1.1811  0.62672
121  -1.1146  0.70027
121.1  -1.0413  0.76454
121.2  -0.96206  0.81919
121.3  -0.87782  0.86395
121.4  -0.78961  0.89867
121.5  -0.69842  0.92333
121.6  -0.60527  0.938
121.7  -0.51115  0.94285
121.8  -0.41702  0.93815
121.9  -0.32383  0.92429
122  -0.23245  0.90173
122.1  -0.14375  0.87101
122.2  -0.058503  0.83277
122.3  0.022573  0.78768
122.4  0.098829  0.7365
122.5  0.1697  0.68003
122.6  0.23469  0.61911
122.7  0.2934  0.5546
122.8  0.34552  0.4874
122.9  0.39082  0.4184
123  0.42917  0.3485
123.1  0.46052  0.27857
123.2  0.48491  0.20949
123.3  0.50247  0.14207
123.4  0.51341  0.077106
123.5  0.518  0.015337
123.6  0.5166  -0.042554
123.7  0.50964  -0.095952
123.8  0.49758  -0.14431
123.9  0.48096  -0.18716
124  0.46035  -0.22411
124.1  0.43634  -0.25486
124.2  0.40959  -0.27919
124.3  0.38073  -0.29697
124.4  0.35041  -0.30817
124.5  0.31931  -0.31284
124.6  0.28806  -0.31111
124.7  0.25729  -0.3032
124.8  0.22762  -0.28943
124.9  0.19959  -0.27017
125  0.17375  -0.24588
125.1  0.15057  -0.21706
125.2  0.13047  -0.18431
125.3  0.11382  -0.14824
125.4  0.10091  -0.10952
125.5  0.091978  -0.068857
125.6  0.087179  -0.026979
125.7  0.086598  0.015372
125.8  0.090244  0.057446
125.9  0.098053  0.098499
126  0.10989  0.1378
126.1  0.12553  0.17463
126.2  0.14471  0.20833
126.3  0.16707  0.23824
126.4  0.19221  0.26378
126.5  0.21966  0.28442
126.6  0.24891  0.29969
126.7  0.27941  0.30919
126.8  0.31055  0.31259
126.9  0.34171  0.30965
127  0.37226  0.30022
127.1  0.40154  0.28421
127.2  0.42888  0.26164
127.3  0.45365  0.23263
127.4  0.4752  0.19735
127.5  0.49292  0.1561
127.6  0.50623  0.10924
127.7  0.5146  0.057216
127.8  0.51752  0.00055683
127.9  0.51457  -0.060139
128  0.50538  -0.12421
128.1  0.48964  -0.19092
128.2  0.46713  -0.25951
128.3  0.43771  -0.32916
128.4  0.4013  -0.39901
128.5  0.35793  -0.46819
128.6  0.30771  -0.5358
128.7  0.25085  -0.60096
128.8  0.18763  -0.66277
128.9  0.11843  -0.72036
129  0.043727  -0.77289
129.1  -0.035947  -0.81955
129.2  -0.11996  -0.85957
129.3  -0.20762  -0.89226
129.4  -0.29815  -0.91696
129.5  -0.39072  -0.93312
129.6  -0.48447  -0.94026
129.7  -0.57846  -0.93796
129.8  -0.67174  -0.92594
129.9  -0.76332  -0.90399
130  -0.8522  -0.87202
130.1  -0.93739  -0.83002
130.2  -1.0179  -0.77812
130.3  -1.0927  -0.71654
130.4  -1.1609  -0.64561
130.5  -1.2215  -0.56579
130.6  -1.2738  -0.47761
130.7  -1.3168  -0.38172
130.8  -1.3499  -0.27887
130.9  -1.3723  -0.16988
131  -1.3837  -0.055683
131.1  -1.3833  0.062745
131.2  -1.371  0.18434
131.3  -1.3464  0.308
131.4  -1.3094  0.43256
131.5  -1.2599  0.55684
131.6  -1.1981  0.6796
131.7  -1.1241  0.79964
131.8  -1.0383  0.91573
131.9  -0.9411  1.0266
132  -0.83315  1.1312
132.1  -0.71511  1.2283
132.2  -0.58777  1.3168
132.3  -0.45207  1.3957
132.4  -0.30899  1.464
132.5  -0.15966  1.5208
132.6  -0.0052439  1.5654
132.7  0.15299  1.5971
132.8  0.31372  1.6153
132.9  0.47558  1.6196
133  0.63716  1.6096
133.1  0.79702  1.5852
133.2  0.95371  1.5463
133.3  1.1058  1.4929
133.4  1.2518  1.4254
133.5  1.3904  1.344
133.6  1.5202  1.2493
133.7  1.6398  1.1418
133.8  1.7481  1.0223
133.9  1.8439  0.89171
134  1.9261  0.75099
134.1  1.9938  0.60125
134.2  2.0461  0.44369
134.3  2.0823  0.2796
134.4  2.1019  0.11034
134.5  2.1043  -0.062653
134.6  2.0893  -0.23788
134.7  2.0567  -0.41382
134.8  2.0065  -0.58892
134.9  1.939  -0.76159
135  1.8544  -0.93029
135.1  1.7531  -1.0934
135.2  1.6359  -1.2496
135.3  1.5035  -1.3971
135.4  1.3568  -1.5348
135.5  1.1969  -1.6611
135.6  1.025  -1.775
135.7  0.84237  -1.8751
135.8  0.65047  -1.9605
135.9  0.45079  -2.0303
136  0.24496  -2.0836
136.1  0.034652  -2.1198
136.2  -0.17841  -2.1384
136.3  -0.39243  -2.1391
136.4  -0.60562  -2.1216
136.5  -0.81615  -2.086
136.6  -1.0222  -2.0323
136.7  -1.222  -1.9609
136.8  -1.4138  -1.8721
136.9  -1.5959  -1.7667
137  -1.7666  -1.6454
137.1  -1.9245  -1.5091
137.2  -2.068  -1.3588
137.3  -2.1958  -1.1957
137.4  -2.3067  -1.0212
137.5  -2.3997  -0.83662
137.6  -2.4738  -0.64354
137.7  -2.5282  -0.44354
137.8  -2.5623  -0.23831
137.9  -2.5757  -0.029566
138  -2.5682  0.1809
138.1  -2.5395  0.39129
138.2  -2.49  0.59979
138.3  -2.4197  0.80459
138.4  -2.3292  1.0039
138.5  -2.2192  1.196
138.6  -2.0903  1.3792
138.7  -1.9437  1.5518
138.8  -1.7804  1.7123
138.9  -1.6017  1.8593
139  -1.409  1.9915
139.1  -1.2039  2.1076
139.2  -0.98804  2.2066
139.3  -0.76318  2.2876
139.4  -0.53115  2.3498
139.5  -0.29387  2.3925
139.6  -0.053305  2.4154
139.7  0.18855  2.4182
139.8  0.42967  2.4008
139.9  0.66805  2.3633
140  0.90168  2.306
140.1  1.1286  2.2293
140.2  1.3469  2.1337
140.3  1.5547  2.0201
140.4  1.7504  1.8895
140.5  1.9321  1.7428
140.6  2.0984  1.5814
140.7  2.2479  1.4065
140.8  2.3793  1.2197
140.9  2.4915  1.0225
141  2.5835  0.81659
141.1  2.6546  0.60376
141.2  2.7041  0.3858
141.3  2.7316  0.16457
141.4  2.737  -0.058055
141.5  2.7201  -0.28017
141.6  2.681  -0.49988
141.7  2.6202  -0.71531
141.8  2.5382  -0.92463
141.9  2.4356  -1.1261
142  2.3133  -1.3179
142.1  2.1724  -1.4985
142.2  2.014  -1.6664
142.3  1.8395  -1.8201
142.4  1.6505  -1.9583
142.5  1.4484  -2.08
142.6  1.2351  -2.1841
142.7  1.0122  -2.2697
142.8  0.78177  -2.3362
142.9  0.54564  -2.3831
143  0.30582  -2.41
143.1  0.064311  -2.4167
143.2  -0.17686  -2.4033
143.3  -0.41569  -2.37
143.4  -0.65019  -2.317
143.5  -0.87845  -2.2449
143.6  -1.0986  -2.1545
143.7  -1.3088  -2.0466
143.8  -1.5073  -1.9221
143.9  -1.6927  -1.7822
144  -1.8633  -1.6282
144.1  -2.0179  -1.4614
144.2  -2.1552  -1.2834
144.3  -2.2742  -1.0958
144.4  -2.3741  -0.90011
144.5  -2.4541  -0.69815
144.6  -2.5136  -0.49166
144.7  -2.5523  -0.28245
144.8  -2.57  -0.072312
144.9  -2.5668  0.13694
145  -2.5427  0.34353
145.1  -2.4982  0.5457
145.2  -2.4338  0.74176
145.3  -2.3501  0.93006
145.4  -2.2481  1.1091
145.5  -2.1287  1.2773
145.6  -1.993  1.4334
145.7  -1.8425  1.5761
145.8  -1.6783  1.7044
145.9  -1.5021  1.8172
146  -1.3154  1.9137
146.1  -1.1199  1.9933
146.2  -0.91733  2.0554
146.3  -0.70943  2.0996
146.4  -0.49801  2.1258
146.5  -0.28488  2.1339
146.6  -0.071836  2.124
146.7  0.13933  2.0964
146.8  0.34686  2.0515
146.9  0.54907  1.9899
147  0.74432  1.9124
147.1  0.93105  1.8198
147.2  1.1078  1.713
147.3  1.2732  1.5932
147.4  1.426  1.4615
147.5  1.5652  1.3193
147.6  1.6896  1.168
147.7  1.7985  1.0089
147.8  1.8912  0.84361
147.9  1.9671  0.6736
148  2.0258  0.50042
148.1  2.0671  0.32565
148.2  2.0909  0.15084
148.3  2.0973  -0.022477
148.4  2.0865  -0.19281
148.5  2.0589  -0.35869
148.6  2.015  -0.51874
148.7  1.9554  -0.67163
148.8  1.8809  -0.81613
148.9  1.7925  -0.95111
149  1.6911  -1.0755
149.1  1.5778  -1.1884
149.2  1.4538  -1.2891
149.3  1.3204  -1.3767
149.4  1.1789  -1.4508
149.5  1.0307  -1.511
149.6  0.87716  -1.557
149.7  0.71976  -1.5886
149.8  0.55992  -1.6059
149.9  0.39906  -1.6089
150  0.2386  -1.5979
150.1  0.079927  -1.5734
150.2  -0.075634  -1.5357
150.3  -0.2268  -1.4856
150.4  -0.37236  -1.4237
150.5  -0.51117  -1.3509
150.6  -0.6422  -1.2681
150.7  -0.76449  -1.1762
150.8  -0.87718  -1.0764
150.9  -0.97953  -0.96967
151  -1.0709  -0.85727
151.1  -1.1508  -0.74034
151.2  -1.2189  -0.62009
151.3  -1.2748  -0.49773
151.4  -1.3184  -0.37447
151.5  -1.3497  -0.2515
151.6  -1.3687  -0.12998
151.7  -1.3758  -0.011028
151.8  -1.3711  0.10428
151.9  -1.3551  0.21493
152  -1.3283  0.32
152.1  -1.2913  0.4186
152.2  -1.2448  0.50998
152.3  -1.1895  0.59343
152.4  -1.1264  0.66838
152.5  -1.0562  0.73433
152.6  -0.97983  0.79091
152.7  -0.89831  0.83784
152.8  -0.81259  0.87494
152.9  -0.72365  0.90217
153  -0.63248  0.91956
153.1  -0.54006  0.92727
153.2  -0.44735  0.92554
153.3  -0.35526  0.91472
153.4  -0.26469  0.89523
153.5  -0.17648  0.86761
153.6  -0.091421  0.83244
153.7  -0.010225  0.79039
153.8  0.066451  0.74216
153.9  0.13803  0.68855
154  0.20401  0.63036
154.1  0.26398  0.56843
154.2  0.3176  0.50363
154.3  0.36463  0.43683
154.4  0.40493  0.36892
154.5  0.43841  0.30075
154.6  0.4651  0.23317
154.7  0.48509  0.167
154.8  0.49857  0.10302
154.9  0.50579  0.041969
155  0.50708  -0.015484
155.1  0.50284  -0.068717
155.2  0.4935  -0.11718
155.3  0.47957  -0.16041
155.4  0.46161  -0.19799
155.5  0.44017  -0.22962
155.6  0.41589  -0.25507
155.7  0.38937  -0.2742
155.8  0.36126  -0.28694
155.9  0.33219  -0.29334
156  0.3028  -0.2935
156.1  0.2737  -0.28763
156.2  0.24547  -0.27601
156.3  0.21867  -0.259
156.4  0.19383  -0.23702
156.5  0.17142  -0.21056
156.6  0.15185  -0.18019
156.7  0.13549  -0.14649
156.8  0.12264  -0.11011
156.9  0.11354  -0.071726
157  0.10834  -0.032049
157.1  0.10715  0.0082035
157.2  0.10998  0.048304
157.3  0.11678  0.087526
157.4  0.12743  0.12515
157.5  0.14173  0.1605
157.6  0.15943  0.19288
157.7  0.18019  0.22169
157.8  0.20363  0.24635
157.9  0.2293  0.26631
158  0.25672  0.28113
158.1  0.28535  0.2904
158.2  0.31461  0.2938
158.3  0.3439  0.29108
158.4  0.37261  0.28207
158.5  0.4001  0.2667
158.6  0.42574  0.24497
158.7  0.44889  0.21697
158.8  0.46893  0.18288
158.9  0.48527  0.14297
159  0.49734  0.097589
159.1  0.50462  0.047161
159.2  0.50662  -0.0078048
159.3  0.50293  -0.066731
159.4  0.49317  -0.12897
159.5  0.47704  -0.19383
159.6  0.45434  -0.26056
159.7  0.4249  -0.32835
159.8  0.38866  -0.39638
159.9  0.34564  -0.46379
160  0.29595  -0.52972
