-4  -0  0.0001337615451598437  0.0001338302257648854  0.0005131920285509468
-3.99  1.365405796282494e-06  0.0001393196140966548  0.0001392849764657599  0.00024868174424701
-3.98  2.786392281933161e-06  0.000144983413672573  0.0001449475604238911  0.0002473532398687655
-3.97  4.265074069733892e-06  0.0001508623788010212  0.0001508252715505178  0.0002460280702429359
-3.96  5.803639857953656e-06  0.0001569640347467073  0.0001569256340655323  0.0002447062355597841
-3.95  7.404354764667971e-06  0.0001632961433739046  0.000163256408766242  0.0002433877356660514
-3.94  9.069562725431823e-06  0.0001698667095487795  0.0001698255994293436  0.0002420725707670552
-3.93  1.080168895564349e-05  0.000176683987676167  0.0001766414593475709  0.0002407607407294505
-3.92  1.260324247895524e-05  0.0001837564883726767  0.0001837124980024571  0.000239452245753041
-3.91  1.447681872309694e-05  0.0001910929852770686  0.0001910474878745976  0.0002381470857172679
-3.9  1.64251021844967e-05  0.0001987025219997132  0.0001986554713927727  0.0002368452608459392
-3.89  1.845086916309112e-05  0.000206594419211949  0.0002065457680232255  0.0002355467710093598
-3.88  2.055699056873578e-05  0.0002147782818771265  0.000214727981500367  0.000234251616431173
-3.87  2.274643480063356e-05  0.0002232640066239889  0.0002232120072001021  0.0002329597970068153
-3.86  2.502227070121566e-05  0.0002320617892641045  0.0002320080396569424  0.0002316713129491831
-3.85  2.738767058591555e-05  0.0002411821324538853  0.0002411265802259932  0.0002303861641466878
-3.84  2.984591335029348e-05  0.0002506358535028102  0.0002505784448908607  0.0002291043508328586
-3.83  3.240038765597165e-05  0.0002604340923282018  0.0002603747722184425  0.0002278258728905513
-3.82  3.505459519685763e-05  0.0002705883195581328  0.000270527031461521  0.0002265507305525432
-3.81  3.781215404713419e-05  0.0002811103447825932  0.0002810470308099863  0.0002252789236888731
-3.8  4.067680209250963e-05  0.0002920123249544252  0.0002919469257914603  0.0002240104525423123
-3.79  4.365240054622257e-05  0.0003033067729399306  0.0003032392278220042  0.0002227453169944181
-3.78  4.674293755130838e-05  0.0003150065662205611  0.0003149368129075219  0.0002214835172655948
-3.77  4.995253187063365e-05  0.0003271249557454049  0.000327052930496375  0.0002202250532370973
-3.76  5.328543666621663e-05  0.0003396755749357261  0.0003396012124836548  0.0002189699251291451
-3.75  5.674604336934803e-05  0.0003526724488410569  0.0003525956823674455  0.0002177181328369703
-3.74  6.033888564303762e-05  0.0003661300034479169  0.000366050764557335  0.0002164696764879714
-3.73  6.406864343830654e-05  0.0003800630751406351  0.0003799812938353215  0.0002152245561568335
-3.72  6.794014714585049e-05  0.0003944869203146705  0.0003944025249691569  0.0002139827718399204
-3.71  7.195838184459978e-05  0.0004094172251423483  0.0004093301424780789  0.0002127443235483116
-3.7  7.612849164869729e-05  0.0004248701154907749  0.0004247802705507514  0.0002115092113551817
-3.69  8.045578415441547e-05  0.0004408621669916298  0.0004407694831151325  0.0002102774353665733
-3.68  8.494573498852969e-05  0.0004574104152623412  0.0004573148140598567  0.0002090489954518775
-3.67  8.960399245966251e-05  0.000474532366278615  0.0004744337676066206  0.0002078238918190489
-3.66  9.443638231410179e-05  0.0004922460068967155  0.0004921443288328931  0.0002066021243473847
-3.65  9.944891259759705e-05  0.0005105698155258648  0.0005104649743441856  0.000205383693198385
-3.64  0.0001046477786246189  0.0005295227729486719  0.0005294146830949348  0.0002041685982437561
-3.63  0.0001100393680565707  0.0005491243732896991  0.0005490129473569587  0.0002029568396825511
-3.62  0.0001156302660904126  0.0005693946351296655  0.0005692797838342526  0.0002017484173412195
-3.61  0.0001214272607591643  0.0005903541127653962  0.0005902357449227856  0.0002005433314209692
-3.6  0.0001274373483457203  0.0006120239076124048  0.0006119019301137719  0.0001993415817632751
-3.59  0.0001336677389114127  0.000634425679750079  0.0006342999975387576  0.0001981431685465743
-3.58  0.0001401258619407216  0.0006575816596059918  0.0006574521756546766  0.0001969480916026385
-3.57  0.0001468193721035328  0.0006815146597790131  0.0006813812750668921  0.0001957563511089029
-3.56  0.0001537561551363016  0.000706248086997308  0.0007061107004880362  0.0001945679468911689
-3.55  0.0001609443338434793  0.0007318059542107024  0.0007316644628303109  0.0001933828791467779
-3.54  0.0001683922742205153  0.0007582128928129116  0.0007580671914287103  0.0001922011476669597
-3.53  0.0001761085916997379  0.0007854941649930693  0.00078534414639247  0.0001910227526218362
-3.52  0.0001841021575203764  0.0008136756762114325  0.0008135212310818085  0.0001898476938562211
-3.51  0.0001923821052239669  0.0008427839877982804  0.0008426250047069028  0.0001886759715051573
-3.5  0.0002009578372763416  0.0008728463296707406  0.0008726826950457602  0.0001875075854138261
-3.49  0.0002098390318173814  0.0009038906131658881  0.0009037222112775245  0.0001863425356400297
-3.48  0.0002190356495396598  0.0009359454439848969  0.0009357721569274798  0.0001851808222058041
-3.47  0.0002285579406970797  0.0009690401352450705  0.0009688618429198468  0.000184022445023093
-3.46  0.0002384164522445608  0.00100320472063569  0.001003021300734238  0.0001828674040306891
-3.45  0.0002486220351097931  0.001038469967673097  0.00103828129566141  0.0001817156992765641
-3.44  0.0002591858515980232  0.001074867391050198  0.001074673340153736  0.0001805673307526805
-3.43  0.0002701193829307976  0.001112429266075968  0.001112229707265567  0.0001794222983775431
-3.42  0.0002814344369195421  0.001151188642199911  0.001150983444178485  0.0001782806020922744
-3.41  0.0002931431557747953  0.001191179356615994  0.001190968385806117  0.0001771422418861318
-3.4  0.0003052580240518625  0.001232436047940597  0.00123221916847302  0.0001760072178119341
-3.39  0.0003177918767336067  0.001274994169958273  0.001274771243661833  0.0001748755296676106
-3.38  0.0003307579074510286  0.001318890005430852  0.001318660891822742  0.0001737471775572109
-3.37  0.0003441696768422232  0.001364160679961024  0.001363925236238904  0.0001726221612923956
-3.36  0.0003580411210502497  0.001410844175906933  0.001410602256941385  0.000171500480987988
-3.35  0.0003723865603603612  0.001458979346337739  0.001458730804666746  0.0001703821364423813
-3.34  0.0003872207079770052  0.001508605929026528  0.001508350614850307  0.0001692671277530108
-3.33  0.0004025586789408912  0.001559764560469703  0.001559502321647691  0.0001681554547060883
-3.32  0.0004184159991864  0.001612496789928961  0.001612227471977124  0.0001670471174307999
-3.31  0.0004348086147394697  0.00166684509348396  0.00166656853957458  0.0001659421156787266
-3.3  0.0004517529010560799  0.001722852888092005  0.001722568939053681  0.0001648404495669267
-3.29  0.000469265672501309  0.001780564545641631  0.001780273039961879  0.0001637421188822664
-3.28  0.0004873641919689118  0.001840025406995927  0.001839726180824278  0.0001626471236686321
-3.27  0.0005060661806412284  0.001901281796012801  0.00190097468316608  0.0001615554638578128
-3.26  0.0005253898278891687  0.001964381033535275  0.001964065865504376  0.0001604671393327154
-3.25  0.0005453538013119331  0.002029371451341664  0.002029048057299768  0.000159382150034777
-3.24  0.0005659772569160011  0.002096302406045387  0.002095970612857942  0.0001583004959178541
-3.23  0.0005872798494328418  0.00216522429293461  0.002164883925171062  0.0001572221769447376
-3.22  0.0006092817427746943  0.00223618855974107  0.002235839439688543  0.0001561471930094242
-3.21  0.0006320036206276622  0.002309247720327755  0.002308889668006496  0.000155075543981564
-3.2  0.0006554666971812484  0.002384455368284482  0.00238408820146484  0.0001540072298565352
-3.19  0.000679692727993353  0.002461866190419003  0.002461489724640701  0.0001529422505946122
-3.18  0.0007047040209896296  0.002541535980132983  0.002541150028726526  0.0001518806060616395
-3.17  0.0007305234475960115  0.002623521650671247  0.002623126024781024  0.0001508222961783718
-3.16  0.0007571744540030535  0.002707881248231137  0.0027074757568407  0.0001497673208751131
-3.15  0.0007846810725606355  0.002794673964920028  0.002794258414879447  0.0001487156801130802
-3.14  0.0008130679333014528  0.002883960151547534  0.002883534347603439  0.0001476673737035343
-3.13  0.0008423602755915875  0.002975801330241602  0.002975365075068254  0.0001466224017360565
-3.12  0.0008725839599062836  0.00307026020687028  0.00306981330110474  0.000145580763943668
-3.11  0.0009037654797289945  0.003167400683262551  0.003166942925540081  0.0001445424604207188
-3.1  0.0009359319735715333  0.003267287869205925  0.003266819056199919  0.000143507490908308
-3.09  0.0009691112371131146  0.003369988094215245  0.003369508020677481  0.0001424758554715196
-3.08  0.001003331735455837  0.003475568919049573  0.003475077377854938  0.0001414475538781029
-3.07  0.001038622615494108  0.003584099146970786  0.003583595929162361  0.0001404225862435204
-3.06  0.001075013718395251  0.003695648834719667  0.003695133729559035  0.0001394009522609042
-3.05  0.001112535592188503  0.003810289303204532  0.00380976209822181  0.0001383826520211254
-3.04  0.00115121950445934  0.003928093147875688  0.003927553628924779  0.0001373676853030718
-3.03  0.001191097455146015  0.004049134248779774  0.004048582200094426  0.0001363560520852367
-3.02  0.001232202189434937  0.004173487780270486  0.004172922984523962  0.0001353477523114251
-3.01  0.001274567210751426  0.00430123022036268  0.00430065245873045  0.0001343427858387791
-3  0.001318226793842189  0.004432439359713173  0.004431848411938008  0.0001333411525479479
-2.99  0.001363215997945688  0.004567194310210572  0.004566589954670145  0.0001323428524184519
-2.98  0.001409570680046403  0.004705575513155814  0.004704957526933979  0.0001313478853522079
-2.97  0.001457327508208806  0.004847664747018157  0.004847032905978953  0.0001303562512284786
-2.96  0.001506523974986764  0.004993545134748104  0.004992899213612376  0.0001293679499812636
-2.95  0.001557198410903766  0.005143301150628327  0.005142640923053939  0.0001283829814809683
-2.94  0.001609389997999333  0.005297018626646755  0.00529634386531102  0.0001274013457008177
-2.93  0.001663138783436704  0.005454784758370443  0.005454095235056556  0.0001264230425341599
-2.92  0.001718485693166739  0.005616688110304401  0.005615983595990969  0.0001254480718096924
-2.91  0.00177547254564279  0.005782818620717161  0.005782098885669473  0.0001244764335442355
-2.9  0.001834142065581085  0.005953267605909757  0.005952532419775854  0.0001235081276434417
-2.89  0.001894537897760987  0.006128127763913971  0.006127376895823693  0.0001225431539537373
-2.88  0.001956704620859362  0.00630749317759945  0.006306726396265928  0.0001215815123954507
-2.87  0.002020687761312974  0.006491459317168595  0.006490676390993364  0.0001206232028940859
-2.86  0.002086533807202737  0.006680123042021501  0.00667932373920262  0.0001196682254207691
-2.85  0.002154290222153407  0.006873582601969432  0.006872766690613978  0.0001187165798263481
-2.84  0.002224005459242122  0.007071937637780599  0.007071104886019449  0.0001177682660027309
-2.83  0.002295728974909016  0.0072752891810356  0.007274439357141218  0.000116823283920443
-2.82  0.002369511242862831  0.007483739653271608  0.007482872525780553  0.0001158816334325392
-2.81  0.002445403767974451  0.007697392864400576  0.007696508202237322  0.0001149433145536343
-2.8  0.002523459100150846  0.00791635401037355  0.007915451582979969  0.0001140083271460547
-2.79  0.002603730848181919  0.008140729670078669  0.008139809247546021  0.0001130766710442247
-2.78  0.002686273693552416  0.008370627801450273  0.008369689154653023  0.000112148346241543
-2.77  0.002771143404210928  0.008606157736765334  0.008605200637499673  0.0001112233527118671
-2.76  0.002858396848287727  0.008847430177110658  0.008846454398237232  0.0001103016903156752
-2.75  0.002948092007753138  0.009094557186002182  0.009093562501591053  0.0001093833589371734
-2.74  0.003040287992007767  0.009347652182133756  0.009346638367612283  0.0001084683585261245
-2.73  0.003135045051395817  0.009606829931235149  0.009605796763539587  0.0001075566890487525
-2.72  0.003232424590632474  0.009872206537020081  0.009871153794751146  0.0001066483504182646
-2.71  0.003332489182136215  0.01014389943120527  0.01014282689478708  0.0001057433424942985
-2.7  0.003435302579256575  0.01042202736258166  0.01042093481442259  0.0001048416652172451
-2.69  0.003540929729387853  0.01070671038511548  0.01070559760977219  0.0001039433186124156
-2.68  0.00364943678695889  0.0109980698450582  0.01099693662940559  0.0001030483025232449
-2.67  0.003760891126289012  0.01129622836705392  0.01129507450045614  0.00010215661682785
-2.66  0.003875361354299963  0.01160130983921926  0.01160013511370256  0.0001012682615493208
-2.65  0.003992917323073403  0.01191343939717391  0.01191224360760518  0.0001003832366194324
-2.64  0.004113630142243447  0.01223274340701034  0.01223152635127799  9.950154194984312e-05
-2.63  0.004237572191213604  0.01255934944718076  0.01255811092637821  9.862317746712817e-05
-2.62  0.004364817131187057  0.01289338628928266  0.0128921261078953  9.774814307658908e-05
-2.61  0.004495439916999263  0.01323498387772793  0.01323370184382137  9.687643878382862e-05
-2.6  0.004629516808741622  0.01358427330827235  0.01358296923368563  9.600806453115544e-05
-2.59  0.004767125383164704  0.01394138680539361  0.01394006050593583  9.51430201624937e-05
-2.58  0.004908344544849488  0.01430645769850405  0.01430510899414969  9.428130571482142e-05
-2.57  0.005053254537134779  0.01467962039696874  0.01467824911206003  9.342292110221814e-05
-2.56  0.005201936952788869  0.01506101036392819  0.01505961632737745  9.256786630096092e-05
-2.55  0.00535447474441335  0.015450764088899  0.01544934713439517  9.171614123914404e-05
-2.54  0.005510952234566843  0.01584901905914343  0.01584757902536082  9.086774581212061e-05
-2.53  0.005671455125596212  0.01625591372979323  0.01625445046060049  9.002268002157456e-05
-2.52  0.005836070509162715  0.01667158749270805  0.01667010083738106  8.918094386440914e-05
-2.51  0.006004886875450381  0.01709618064405871  0.01709467045749696  8.834253725491174e-05
-2.5  0.006177994122043882  0.01752983435062536  0.01752830049356854  8.750746014322124e-05
-2.49  0.00635548356246288  0.01797269061479258  0.01797113295403963  8.667571248467108e-05
-2.48  0.006537447934339742  0.01842489223823283  0.01842331064686205  8.584729428359385e-05
-2.47  0.006723981407227545  0.0188865827842633  0.01888497714185619  8.502220548380674e-05
-2.46  0.006915179590025  0.01935790653887035  0.01935627673173696  8.4200445983069e-05
-2.45  0.007111139538004944  0.01983900847039347  0.01983735439179531  8.338201584179611e-05
-2.44  0.007311959759432878  0.02033003418784692  0.02032835573822584  8.256691503689969e-05
-2.43  0.007517740221761892  0.02083112989788453  0.0208294269850922  8.1755143506797e-05
-2.42  0.00772858235739056  0.02134244236039475  0.02134071489992279  8.094670117974077e-05
-2.41  0.007944589068969778  0.02186411884272027  0.02186236675792939  8.014158806698603e-05
-2.4  0.008165864734244976  0.0223963070724924  0.0223945302948429  7.933980423371444e-05
-2.39  0.008392515210419636  0.02293915518907288  0.02293735365836072  7.854134958172244e-05
-2.38  0.008624647838026423  0.02349281169361174  0.02349098535820137  7.774622403122705e-05
-2.37  0.008862371444291861  0.02405742539770868  0.02405557421476297  7.695442765894481e-05
-2.36  0.009105796345980608  0.02463314537066757  0.02463126930638251  7.616596050040355e-05
-2.35  0.009355034351705224  0.02522012088535211  0.02521821991519442  7.538082244050543e-05
-2.34  0.00961019876368764  0.02581850136264945  0.02581657547158769  7.459901348581046e-05
-2.33  0.009871404378958202  0.02642843631452504  0.02642648549726172  7.382053370366719e-05
-2.32  0.01013876748997813  0.02705007528567298  0.02704809954688176  7.304538301452525e-05
-2.31  0.01041240588467167  0.02768356779378267  0.02768156714833657  7.227356151382595e-05
-2.3  0.0106924388458538  0.02832906326839341  0.02832703774160119  7.150506913926193e-05
-2.29  0.01097898715003953  0.0289867109883723  0.02898466061620942  7.073990584294406e-05
-2.28  0.01127217306562123  0.02965666001800636  0.02965458484734125  6.997807171439084e-05
-2.27  0.01157212035039967  0.03033905914170712  0.03033695923053164  6.921956678409725e-05
-2.26  0.01187895424845539  0.03103405679734996  0.03103193221500827  6.846439103332436e-05
-2.25  0.01219280148634666  0.03174180100825204  0.03173965183566742  6.771254441461498e-05
-2.24  0.01251379026862041  0.03246243931380241  0.03246026564369744  6.696402699919875e-05
-2.23  0.01284205027262272  0.03319611869874357  0.03319392063586112  6.621883888188526e-05
-2.22  0.0131777126425953  0.03394298552112125  0.03394076318244921  6.547697999870385e-05
-2.21  0.01352090998304513  0.03470318543893265  0.03470093895391882  6.473845035764857e-05
-2.2  0.01387177635137394  0.0354768633354667  0.03547459284623142  6.400325001946155e-05
-2.19  0.01423044724975448  0.03626416324335974  0.03626186890490622  6.327137907697959e-05
-2.18  0.01459705961624115  0.03706522826737933  0.03706291024780651  6.254283749760126e-05
-2.17  0.01497175181510205  0.03788020050597109  0.03787785898667748  6.181762528942478e-05
-2.16  0.01535466362636055  0.03870922097157319  0.03870685614745561  6.109574253637601e-05
-2.15  0.01574593623453353  0.03955242950971732  0.03955004158937022  6.037718928059152e-05
-2.14  0.01614571221655492  0.04040996471695243  0.04040755392286034  5.96619655989907e-05
-2.13  0.01655413552887256  0.04128196385759874  0.04127953042633042  5.895007145632692e-05
-2.12  0.01697135149370688  0.04216856277938105  0.04216610696177031  5.82415069278519e-05
-2.11  0.01739750678446021  0.04306989582794218  0.04306741788926574  5.753627214910252e-05
-2.1  0.01783274941026574  0.04398609576026769  0.04398359598042723  5.683436710294293e-05
-2.09  0.01827722869966554  0.04491729365707449  0.0449147723307671  5.613579177962525e-05
-2.08  0.01873109528340721  0.04586361883418  0.04586107627105489  5.5440546359529e-05
-2.07  0.01919450107634912  0.04682519875285752  0.04682263527768313  5.474863085330742e-05
-2.06  0.01966759925846438  0.04780215892926266  0.04779957488207703  5.406004534555599e-05
-2.05  0.0201505442549344  0.04879462284292316  0.04879201857918277  5.337478989862952e-05
-2.04  0.02064349171532283  0.04980271184434704  0.04980008773507077  5.269286452307499e-05
-2.03  0.02114659849182132  0.05082654506179192  0.05082390149369116  5.201426933124463e-05
-2.02  0.02166002261655869  0.05186623930721579  0.05186357668282057  5.133900447142702e-05
-2.01  0.02218392327796566  0.05292190898145552  0.05291922771924032  5.066707000003188e-05
-2  0.02271846079618777  0.05399366597868285  0.05399096651318806  4.999846583837324e-05
-1.99  0.02326379659753934  0.0550816195902045  0.05507890237212579  4.933319223313419e-05
-1.98  0.02382009318799184  0.05618587640756909  0.05618314190386805  4.867124921070286e-05
-1.97  0.02438751412569075  0.05730654022513063  0.05730378891911716  4.801263695420088e-05
-1.96  0.02496622399249443  0.05844371194201947  0.05844094433345148  4.735735535353382e-05
-1.95  0.02555638836453111  0.05959748946367736  0.05959470606881605  4.670540463939015e-05
-1.94  0.026158173781768  0.06076796760288568  0.06076516895456478  4.605678498145555e-05
-1.93  0.0267717477165888  0.06195523798040391  0.06195242462810514  4.541149625150484e-05
-1.92  0.02739727854137611  0.06315938892532502  0.06315656143519865  4.476953877972104e-05
-1.91  0.02803493549509527  0.06438050537503963  0.06437766432996934  4.413091248111172e-05
-1.9  0.02868488864887693  0.06561866877506548  0.0656158147746766  4.34956176141458e-05
-1.89  0.02934730887059655  0.06687395697860968  0.06687109063930714  4.286365416103759e-05
-1.88  0.03002236778844916  0.06814644414608266  0.06814356610104459  4.223502236147579e-05
-1.87  0.03071023775351818  0.06943620064447649  0.06943331154367419  4.16097221646372e-05
-1.86  0.03141109180133872  0.07074329294681625  0.07074039345698339  4.098775383004674e-05
-1.85  0.03212510361245447  0.07206778353158652  0.072064874336218  4.036911734487284e-05
-1.84  0.03285244747197048  0.0734097307823577  0.07340681258165692  3.975381300657616e-05
-1.83  0.03359329822810159  0.07476918888749859  0.0747662623983676  3.914184067933195e-05
-1.82  0.03434783124972049  0.07614620774025738  0.07614327369620735  3.853320073588803e-05
-1.81  0.03511622238290671  0.07754083283901565  0.07753789199013399  3.792789313953019e-05
-1.8  0.03589864790650084  0.07895310518803775  0.07895015830089419  3.732591811058287e-05
-1.79  0.03669528448666743  0.08038306119857544  0.08038010905615417  3.672727563988925e-05
-1.78  0.03750630913047238  0.08183073259056957  0.08182777599214285  3.613196608211788e-05
-1.77  0.03833189913847879  0.08329614629482023  0.08329318605587446  3.55399893549092e-05
-1.76  0.03917223205636883  0.08477932435593395  0.08477636130802226  3.495134570509945e-05
-1.75  0.04002748562559743  0.08628028383588408  0.08627731882651153  3.436603516289215e-05
-1.74  0.04089783773308655  0.08779903671845328  0.08779607061090568  3.37840580673369e-05
-1.73  0.04178346635996646  0.08933558981442694  0.089332623487655  3.320541428346051e-05
-1.72  0.04268454952937513  0.09088994466788118  0.0908869790162829  3.263010422814877e-05
-1.71  0.04360126525332404  0.09246209746329755  0.09245913339658068  3.205812782333466e-05
-1.7  0.04453379147864112  0.09405203893392998  0.09404907737688697  3.148948533686022e-05
-1.69  0.0454823060320026  0.09565975427120971  0.09565679616352402  3.092417689417698e-05
-1.68  0.04644698656406528  0.09728522303543725  0.09728226933146747  3.036220258926263e-05
-1.67  0.04742801049271139  0.09892841906778557  0.09892547073632373  2.980356262044171e-05
-1.66  0.04842555494542095  0.1005893104036538  0.1005863684276906  2.924825708739929e-05
-1.65  0.04943979670078451  0.1022678591875295  0.102264924563978  2.869628627811947e-05
-1.64  0.05047091212917149  0.1039640215893062  0.1039610953287642  2.814765016423706e-05
-1.63  0.05151907713257069  0.1056777477223271  0.1056748308487636  2.760234901799252e-05
-1.62  0.05258446708361799  0.1074089815630015  0.1074060751134838  2.706038289360389e-05
-1.61  0.05366725676383077  0.1091576608722929  0.1091547658966474  2.652175213530597e-05
-1.6  0.0547676203010638  0.1109237171189116  0.1109208346794555  2.598645659667359e-05
-1.59  0.05588573110620905  0.1127070754046326  0.1127042065757706  2.545449676776099e-05
-1.58  0.05702176180915641  0.1145076543913504  0.1145048002592924  2.492587255374819e-05
-1.57  0.05817588419403611  0.116325366230452  0.1163225278928071  2.440058427489301e-05
-1.56  0.0593482691337654  0.1181601164941482  0.1181572950595823  2.387863199211156e-05
-1.55  0.06053908652391913  0.1200118041091579  0.1200090006969857  2.336001596544001e-05
-1.54  0.0617485052159485  0.1218803212925879  0.1218775370324018  2.284473623191411e-05
-1.53  0.06297669294977094  0.1237655534902903  0.1237627895215232  2.233279306149202e-05
-1.52  0.06422381628575426  0.1256673793175621  0.1256646367890882  2.182418653335452e-05
-1.51  0.06549004053612224  0.1275856705024724  0.1275829505721419  2.131891697379437e-05
-1.5  0.06677552969580365  0.1295202918316444  0.1295175956658917  2.081698427745251e-05
-1.49  0.06808044637275519  0.1314711010989157  0.1314684298722311  2.03183888883189e-05
-1.48  0.06940495171778191  0.1334379490564825  0.1334353039510023  1.982313077485668e-05
-1.47  0.0707492053538849  0.1354206793690875  0.1354180615740713  1.933121022201809e-05
-1.46  0.0721133653051636  0.1374191285709158  0.1374165392822818  1.884262729580307e-05
-1.45  0.07349758792530328  0.1394331260255762  0.1394305664453603  1.835738232379419e-05
-1.44  0.07490202782567507  0.1414624938889479  0.1414599652248388  1.787547526295393e-05
-1.43  0.07632683780308218  0.1435070470752949  0.1435045505400624  1.739690639141773e-05
-1.42  0.07777216876718103  0.1455665932263924  0.1455641300373476  1.692167599363898e-05
-1.41  0.07923816966760996  0.1476409326838562  0.1476385040623557  1.644978399019291e-05
-1.4  0.08072498742085822  0.1497298584649175  0.1497274656357449  1.598123071422916e-05
-1.39  0.08223276683690825  0.1518331562413294  0.1518308004321616  1.551601625667901e-05
-1.38  0.08376165054568488  0.1539506043218381  0.1539482867626337  1.505414092707656e-05
-1.37  0.08531177892334495  0.1560819736379537  0.1560796955604208  1.459560466665148e-05
-1.36  0.08688329001844403  0.1582270277334478  0.1582247903703831  1.414040783015311e-05
-1.35  0.08847631947801383  0.1603855227571891  0.1603833273419196  1.368855046145454e-05
-1.34  0.09009100047358788  0.1625572074598028  0.1625550552255342  1.324003283455994e-05
-1.33  0.09172746362720982  0.1647418231938435  0.1647397153730768  1.279485497429887e-05
-1.32  0.09338583693746483  0.1669391039178709  0.1669370417417139  1.235301725437988e-05
-1.31  0.09506624570556717  0.1691487762040695  0.1691467609016724  1.191451959461843e-05
-1.3  0.0967688124615463  0.1713705592499631  0.1713685920478074  1.147936230401043e-05
-1.29  0.09849365689056636  0.1736041648937538  0.173602247015033  1.104754548852372e-05
-1.28  0.1002408957594215  0.1758492976337368  0.1758474302976624  1.061906944699809e-05
-1.27  0.102010642843241  0.1781056546514837  0.1781038390726936  1.019393405312424e-05
-1.26  0.1038030088524512  0.1803729258392995  0.1803711632270804  9.77213977898278e-06
-1.25  0.1056181013600269  0.182650793831314  0.1826490853890219  9.353686542925817e-06
-1.24  0.1074560247290776  0.1849389340390006  0.1849372809633054  8.938574670179466e-06
-1.23  0.1093168800408069  0.1872370146904756  0.1872354181707296  8.526804178474516e-06
-1.22  0.1112007650228872  0.1895446968741401  0.1895431580916403  8.118375335979361e-06
-1.21  0.1131077739782896  0.1918616345862625  0.1918601547135994  7.713288177756157e-06
-1.2  0.1150379977146125  0.1941874747829031  0.194186054983213  7.311542994998549e-06
-1.19  0.1169915234739476  0.1965218574358135  0.1965204988621365  6.91313977354963e-06
-1.18  0.1189684348633287  0.1988644155927542  0.1988631193872759  6.51807877882067e-06
-1.17  0.1209688117858027  0.2012147754418278  0.2012135427351974  6.126360152770768e-06
-1.16  0.1229927303721652  0.2035725563801155  0.2035713882907594  5.737983937413984e-06
-1.15  0.1250402629134051  0.205937371086617  0.2059362687199748  5.352950449531409e-06
-1.14  0.1271114777938974  0.2083088255992079  0.2083077900471083  4.971259593145387e-06
-1.13  0.1292064394253894  0.2106865193961558  0.2106855517360153  4.592911723121565e-06
-1.12  0.1313252081818204  0.2130700454815233  0.2130691467757178  4.217906811196124e-06
-1.11  0.13346784033502  0.2154589904751249  0.2154581617702197  3.846245128677563e-06
-1.1  0.1356343879913229  0.2178529347064437  0.2178521770325506  3.477926653837851e-06
-1.09  0.1378248990291489  0.2202514523130325  0.2202507666830334  3.112951702435649e-06
-1.08  0.1400394170375834  0.2226541113428242  0.2226534987517612  2.751320174393567e-06
-1.07  0.1422779812560055  0.2250604738609836  0.2250599352852697  2.393032385693998e-06
-1.06  0.144540626514803  0.2274700960605839  0.2274696324573859  2.038088306266521e-06
-1.05  0.1468273831772173  0.2298825283777555  0.2298821406842331  1.686488220628224e-06
-1.04  0.149138277082358  0.2322973156106566  0.2322970047433662  1.338232022203462e-06
-1.03  0.1514733294894305  0.2347139970429035  0.2347137638970119  9.933200668647006e-07
-1.02  0.153832557023216  0.2371321065706603  0.2371319520193796  6.517522392136295e-07
-1.01  0.1562159716208439  0.2395511728341844  0.2395510977280134  3.135288114374092e-07
-1  0.1586235804798996  0.2419707193530101  0.2419707245191434  2.135024071993842e-08
-0.9899999999999998  0.1610553860079042  0.244390264665385  0.2443903509069996  3.528846957638903e-07
-0.98  0.1635113857732071  0.2468093224713584  0.2468094905670427  6.810746374874712e-07
-0.9699999999999998  0.1659915724573315  0.2492274017800386  0.249227652483066  1.005919788065146e-06
-0.96  0.1684959338088078  0.2516440070603418  0.2516443410981171  1.327420175122876e-06
-0.9499999999999997  0.1710244525985384  0.2540586383958028  0.2540590564691891  1.645575607710161e-06
-0.9399999999999999  0.1735771065767238  0.256470791642829  0.2564712944256203  1.960386219717439e-06
-0.9299999999999997  0.1761538684313951  0.2588799585929488  0.2588805467311489  2.27185166119251e-06
-0.9199999999999999  0.1787547057485826  0.2612856271381928  0.2612863012495532  2.579972073451136e-06
-0.9100000000000001  0.1813795809741588  0.2636872814404481  0.2636880421138181  2.884747309423368e-06
-0.8999999999999999  0.1840284513773917  0.2660844021039972  0.2660852498987549  3.186177204475586e-06
-0.8900000000000001  0.1867012690162387  0.268476466351409  0.2684774017970024  3.484261941818861e-06
-0.8799999999999999  0.18939798070442  0.2708629482030533  0.270863971798338  3.779001237997425e-06
-0.8700000000000001  0.1921185279802996  0.2732433186594072  0.2732444308722162  4.070395160361367e-06
-0.8599999999999999  0.1948628470776083  0.2756170458868699  0.2756182471534567  4.358443605517481e-06
-0.8500000000000001  0.1976308688980369  0.2779835954064091  0.2779848861309965  4.643146630529357e-06
-0.8399999999999999  0.2004225189857366  0.2803424302854023  0.2803438108396206  4.924504001705792e-06
-0.8300000000000001  0.2032377175037448  0.2826930113320307  0.2826944820545803  5.202515941910692e-06
-0.8199999999999998  0.2060763792123773  0.2850347972929412  0.2850363584890073  5.477182189553103e-06
-0.8100000000000001  0.2089384134496035  0.2873672450530887  0.2873688969940283  5.748502906456673e-06
-0.7999999999999998  0.2118237241134392  0.2896898098386606  0.2896915527614828  6.016477890623413e-06
-0.79  0.2147322096463766  0.2920019454220687  0.2920037795291414  6.281107305102111e-06
-0.7799999999999998  0.2176637630218808  0.294303104329758  0.2943050297883252  6.542390962814349e-06
-0.77  0.2206182717329717  0.2965927380518777  0.2965947549938157  6.80032908204226e-06
-0.7599999999999998  0.2235956177829184  0.2988702972545951  0.2988724057759529  7.05492148837445e-06
-0.75  0.2265956776780634  0.3011352319940458  0.3011374321548044  7.306168292971813e-06
-0.7399999999999998  0.2296183224227995  0.3033869919326078  0.3033892837563002  7.554069359536496e-06
-0.73  0.2326634175167155  0.3056250265566731  0.3056274100302099  7.798624922533867e-06
-0.7199999999999998  0.2357308229539331  0.3078487853965802  0.307851260469853  8.039834785982318e-06
-0.71  0.2388203932246469  0.3100577182476594  0.3100602848334161  8.277699151574589e-06
-0.6999999999999997  0.2419319773188864  0.312251275393238  0.3122539333667614  8.51221790781441e-06
-0.6899999999999999  0.2450654187325116  0.3144289078285994  0.3144316570275973  8.743391247376994e-06
-0.6799999999999997  0.2482205554754586  0.3165900674865772  0.3165929077108929  8.971219021351981e-06
-0.6699999999999999  0.251397220082243  0.3187342074638068  0.3187371384754016  9.19570153901664e-06
-0.6600000000000001  0.2545952396247346  0.3208607822484925  0.3208638037711725  9.416838684932041e-06
-0.6499999999999999  0.257814435727213  0.3229692479485776  0.3229723596679144  9.634630467933649e-06
-0.6400000000000001  0.261054624583706  0.3250590625207586  0.3250622640840821  9.849077168425347e-06
-0.6299999999999999  0.2643156169776283  0.3271296860003839  0.3271329770165545  1.00601785872988e-05
-0.6200000000000001  0.2675972183037135  0.3291805807312289  0.3291839607707648  1.026793507196765e-05
-0.6099999999999999  0.270899228592253  0.3312112115962622  0.331214680191153  1.047234648176805e-05
-0.6000000000000001  0.2742214425356386  0.3332210462479341  0.3332246028917997  1.067341317154332e-05
-0.5899999999999999  0.2775636495172119  0.3352095553391626  0.3352131994871062  1.087113499452555e-05
-0.5800000000000001  0.2809256336424217  0.3371762127536043  0.3371799438223805  1.106551218295242e-05
-0.5699999999999998  0.2843071737722841  0.3391204958361721  0.3391243132041922  1.125654478755388e-05
-0.5600000000000001  0.287708043559145  0.3410418856228702  0.3410457886303526  1.144423303993854e-05
-0.5499999999999998  0.2911280114847417  0.3429398670704066  0.342943855019384  1.162857686181414e-05
-0.54  0.294566840900553  0.3448139292847184  0.3448180014393334  1.180957664046301e-05
-0.5299999999999998  0.2980242900704362  0.3466635657492713  0.3466677213357917  1.198723233989323e-05
-0.52  0.3015001122155383  0.3484882745518811  0.3484925127589745  1.216154418896939e-05
-0.5099999999999998  0.304994055561474  0.3502875586108503  0.3502918785897259  1.233251222654316e-05
-0.5  0.3085058633877552  0.3520609258995502  0.3520653267642995  1.250013680639869e-05
-0.4899999999999998  0.3120352740794651  0.3538078896700872  0.3538123704977797  1.266441782727784e-05
-0.48  0.3155820211811567  0.3555279686748432  0.3555325285059971  1.282535573636444e-05
-0.4699999999999998  0.3191458334529622  0.3572206873870602  0.3572253252258009  1.298295057252863e-05
-0.46  0.3227264349288978  0.3588855762190896  0.3588902910335446  1.313720257363975e-05
-0.4499999999999997  0.3263235449773441  0.360522171739041  0.360526962461648  1.328811186352297e-05
-0.4399999999999999  0.3299368783636785  0.3621300168851482  0.3621348824130922  1.343567874936777e-05
-0.4299999999999997  0.3335661453150472  0.3637086611782075  0.3637136003737135  1.357990325588972e-05
-0.4199999999999999  0.3372110515872425  0.3652576609312558  0.3652626726221539  1.37207858173344e-05
-0.4100000000000001  0.3408712985336722  0.3667765794572701  0.3667816624373361  1.385832659201261e-05
-0.3999999999999999  0.344546583176388  0.3682649872739219  0.3682701403033234  1.399252569653616e-05
-0.3900000000000001  0.3482365982791505  0.3697224623055437  0.3697276841114324  1.412338354154594e-05
-0.3799999999999999  0.3519410324224991  0.3711485900825591  0.3711538793594661  1.425090023601376e-05
-0.3700000000000001  0.3556595700808015  0.3725429639374692  0.3725483193479334  1.437507616094435e-05
-0.3599999999999999  0.3593918917012486  0.3739051851981475  0.3739106053731284  1.449591133016414e-05
-0.3500000000000001  0.3631376737847643  0.3752348633772992  0.3752403469169379  1.461340627095397e-05
-0.3399999999999999  0.3668965889687948  0.3765316163591545  0.376537161833254  1.472756121196173e-05
-0.3300000000000001  0.3706683061119472  0.3777950705822288  0.3778006765308646  1.483837638230961e-05
-0.3199999999999998  0.3744524903804395  0.3790248612185824  0.3790305261527017  1.494585192610978e-05
-0.3100000000000001  0.3782488033363187  0.3802206323490621  0.3802263547513249  1.504998849057295e-05
-0.2999999999999998  0.382056903027421  0.3813820371353108  0.3813878154605241  1.515078610032484e-05
-0.29  0.3858764440790248  0.3825087379869497  0.382514570662924  1.524824522177692e-05
-0.2799999999999998  0.3897070777871601  0.3836004067253511  0.3836062921534786  1.534236598278207e-05
-0.27  0.3935484522135316  0.3846567247426153  0.3846626612987428  1.543314889864514e-05
-0.2599999999999998  0.3974002122820126  0.3856773831567488  0.3856833691918161  1.55205942113586e-05
-0.25  0.4012619998766664  0.3866620829619826  0.3866681168028493  1.560470233894911e-05
-0.2399999999999998  0.4051334539412524  0.3876105351748593  0.3876166151250142  1.56854735262844e-05
-0.23  0.4090142105801635  0.3885224609753734  0.3885285853158359  1.576290830072334e-05
-0.2199999999999998  0.4129039031607601  0.3893975918438486  0.3894037588337905  1.583700671084848e-05
-0.21  0.4168021624170403  0.3902356696922592  0.3902418775700743  1.590776944234921e-05
-0.1999999999999997  0.4207086165546055  0.3910364469914607  0.3910426939754559  1.597519680460719e-05
-0.1899999999999999  0.4246228913568693  0.3917996868928484  0.3918059711821211  1.603928917602773e-05
-0.1799999999999997  0.4285446102924626  0.3925251633451949  0.392531483120429  1.610004676271303e-05
-0.1699999999999999  0.432473394623773  0.3932126612059495  0.3932190146304972  1.615747029339237e-05
-0.1600000000000001  0.4364088635165814  0.3938619763479748  0.3938683615685408  1.621155997546756e-05
-0.1499999999999999  0.4403506341507327  0.3944729157602911  0.3944793309078889  1.626231615998823e-05
-0.1400000000000001  0.4442983218317871  0.3950452976436473  0.3950517408346113  1.630973945432361e-05
-0.1299999999999999  0.4482515401036058  0.3955789515009246  0.3955854208376874  1.635383010095233e-05
-0.1200000000000001  0.4522099008618054  0.3960737182214394  0.3960802117936561  1.639458883166242e-05
-0.1099999999999999  0.4561730144680348  0.3965294501604406  0.3965359660456859  1.643201576449183e-05
-0.1000000000000001  0.460140489865014  0.3969460112120535  0.3969525474770118  1.646611162940832e-05
-0.08999999999999986  0.4641119346922761  0.3973232768774622  0.3973298315786883  1.64968766631019e-05
-0.08000000000000007  0.4680869554025631  0.3976611343265926  0.3976677055116089  1.652431144197855e-05
-0.06999999999999984  0.4720651573788081  0.397959482454527  0.397966068162751  1.654841643771774e-05
-0.06000000000000005  0.4760461450516535  0.3982182319318647  0.3982248301956069  1.656919217978828e-05
-0.04999999999999982  0.4800295220174456  0.3984373052493885  0.398443914094764  1.658663902678924e-05
-0.04000000000000004  0.4840148911566411  0.3986166367565926  0.398623254204605  1.660075758900635e-05
-0.0299999999999998  0.4880018547525776  0.3987561726946755  0.3987627967620997  1.661154821370003e-05
-0.02000000000000002  0.4919900146105344  0.3988558712230963  0.3988624999236661  1.661901174239615e-05
-0.009999999999999787  0.4959789721770397  0.3989157024409219  0.3989223337860822  1.662314841406924e-05
0  0.4999683286593527  0.3989356484014108  0.3989422804014327  1.662395877233146e-05
0.009999999999999787  0.5039576851450678  0.3989157031210785  0.3989223337860822  1.662144342906312e-05
0.02000000000000046  0.5079466427217748  0.3988558725827736  0.3988624999236661  1.661560285508425e-05
0.03000000000000025  0.5119348025967231  0.3987561747325537  0.3987627967620997  1.660643771137616e-05
0.04000000000000004  0.5159217662164257  0.398616639470903  0.398623254204605  1.659394837665124e-05
0.04999999999999982  0.519907135386141  0.3984373086375124  0.398443914094764  1.657813563718486e-05
0.0600000000000005  0.5238905123891765  0.3982182359907245  0.3982248301956069  1.655899979697569e-05
0.07000000000000028  0.5278715001059553  0.397959487180319  0.397966068162751  1.653654157612016e-05
0.08000000000000007  0.5318497021327827  0.3976611397149362  0.3976677055116089  1.651076157741966e-05
0.08999999999999986  0.5358247229002538  0.3973232829233538  0.3973298315786883  1.648166035895191e-05
0.09999999999999964  0.5397961677912496  0.3969460179099114  0.3969525474770118  1.644923843391552e-05
0.1100000000000003  0.5437636432584526  0.3965294575040608  0.3965359660456858  1.641349633412298e-05
0.1200000000000001  0.5477267569413307  0.3960737262039966  0.3960802117936561  1.637443494114063e-05
0.1299999999999999  0.5516851177825324  0.3955789601149924  0.3955854208376874  1.633205460737079e-05
0.1399999999999997  0.5556383361436303  0.3950453068813042  0.3950517408346113  1.628635604409571e-05
0.1500000000000004  0.559586023920159  0.3944729256129404  0.3944793309078889  1.623733982146916e-05
0.1600000000000001  0.563527794655889  0.3938619868064792  0.3938683615685408  1.618500667654635e-05
0.1699999999999999  0.5674632636562884  0.3932126722606095  0.3932190146304972  1.612935705483093e-05
0.1799999999999997  0.571392048101101  0.3925251749857152  0.392531483120429  1.607039176476766e-05
0.1900000000000004  0.5753137671560032  0.3917996991085443  0.3918059711821211  1.600811125430692e-05
0.2000000000000002  0.5792280420832717  0.3910364597708965  0.3910426939754559  1.594251639375877e-05
0.21  0.583134496351421  0.3902356830236348  0.3902418775700743  1.58736076152228e-05
0.2199999999999998  0.5870327557437443  0.3893976057147989  0.3894037588337905  1.580138571345797e-05
0.2300000000000004  0.5909224484657175  0.3885224753731125  0.3885285853158359  1.572585120965794e-05
0.2400000000000002  0.5948032052512063  0.3876105500859289  0.3876166151250141  1.564700492335318e-05
0.25  0.5986746594674359  0.3866620983726337  0.3866681168028493  1.556484735643729e-05
0.2599999999999998  0.6025364472186588  0.3856773990525881  0.3856833691918161  1.54793794727265e-05
0.2700000000000005  0.6063882074484882  0.3846567411090323  0.3846626612987428  1.539060144420889e-05
0.2800000000000002  0.6102295820408393  0.3836004235471395  0.3836062921534785  1.529851428168574e-05
0.29  0.6140602159194308  0.3825087552485089  0.382514570662924  1.520311868149348e-05
0.2999999999999998  0.6178797571458093  0.3813820548205635  0.3813878154605241  1.510441531450049e-05
0.3100000000000005  0.6216878570158426  0.380220650441723  0.3802263547513249  1.500240456916816e-05
0.3200000000000003  0.6254841701546436  0.3790248797017751  0.3790305261527017  1.489708753502702e-05
0.3300000000000001  0.629268354609878  0.3777950894389118  0.3778006765308646  1.478846465857742e-05
0.3399999999999999  0.6330400719434217  0.3765316355717941  0.376537161833254  1.467653666088597e-05
0.3500000000000005  0.6367989873213143  0.3752348829280518  0.3752403469169379  1.456130432376307e-05
0.3600000000000003  0.6405447696019826  0.3739052050688998  0.3739106053731284  1.444276827394748e-05
0.3700000000000001  0.6442770914226922  0.3725429841098606  0.3725483193479334  1.432092911376603e-05
0.3799999999999999  0.6479956292841796  0.3711486105377661  0.3711538793594661  1.419578776619937e-05
0.3899999999999997  0.6517000636334473  0.3697224830246287  0.3697276841114324  1.406734477074761e-05
0.4000000000000004  0.6553900789446727  0.368265008237686  0.3682701403033233  1.393560073337792e-05
0.4100000000000001  0.6590653637982009  0.3667766006462093  0.3667816624373361  1.380055669419927e-05
0.4199999999999999  0.6627256109575967  0.3652576823257447  0.3652626726221539  1.366221293112999e-05
0.4299999999999997  0.6663705174447156  0.3637086827583379  0.3637136003737135  1.352057049976735e-05
0.4400000000000004  0.669999784612764  0.3621300386309611  0.3621348824130922  1.337562981736976e-05
0.4500000000000002  0.6736131182173347  0.3605221936302826  0.3605269624616479  1.322739174011451e-05
0.46  0.6772102284853695  0.3588855982353999  0.3588902910335446  1.307585705712697e-05
0.4699999999999998  0.6807908301820426  0.3572207095080141  0.3572253252258009  1.292102620059898e-05
0.4800000000000004  0.6843546426755303  0.3555279908798968  0.355532528505997  1.276289997801801e-05
0.4900000000000002  0.6879013899996403  0.3538079119385049  0.3538123704977797  1.260147933353873e-05
0.5  0.6914308009143002  0.352060948210727  0.3520653267642995  1.243676454234892e-05
0.5099999999999998  0.6949426089638547  0.3502875809439073  0.3502918785897259  1.226875666045714e-05
0.5200000000000005  0.6984365525331788  0.3484882968861033  0.3484925127589745  1.209745609114318e-05
0.5300000000000002  0.7019123749015767  0.3466635880638021  0.3466677213357916  1.192286369661787e-05
0.54  0.7053698242944547  0.3448139515587718  0.3448180014393334  1.174498008998697e-05
0.5499999999999998  0.7088086539327519  0.3429398892831383  0.342943855019384  1.156380610886307e-05
0.5600000000000005  0.7122286220801179  0.3410419077536603  0.3410457886303525  1.13793420753285e-05
0.5700000000000003  0.715629492087825  0.3391205178643125  0.3391243132041921  1.119158884167746e-05
0.5800000000000001  0.7190110324374041  0.3371762346584555  0.3371799438223805  1.100054731297126e-05
0.5899999999999999  0.722373016780994  0.3352095771001979  0.3352131994871062  1.080621799425273e-05
0.6000000000000005  0.7257152239794085  0.3332210678448759  0.3332246028917996  1.060860120457089e-05
0.6100000000000003  0.7290374381378913  0.3312112330087395  0.3312146801911529  1.040769814737078e-05
0.6200000000000001  0.7323394486395831  0.3291806019392344  0.3291839607707648  1.020350907299505e-05
0.6299999999999999  0.7356210501766759  0.3271297069839377  0.3271329770165545  9.99603478261482e-06
0.6399999999999997  0.7388820427792617  0.32505908326011  0.3250622640840822  9.785276003147665e-06
0.6500000000000004  0.7421222318418785  0.3229692684241849  0.3229723596679142  9.571233069133473e-06
0.6600000000000001  0.7453414281477453  0.32086080244101  0.3208638037711725  9.35390694505183e-06
0.6699999999999999  0.7485394478906986  0.3187342273541406  0.3187371384754016  9.133297973747856e-06
0.6799999999999997  0.751716112694828  0.3165900870558411  0.3165929077108929  8.909406948499423e-06
0.6900000000000004  0.7548712496318158  0.3144289270582812  0.3144316570275972  8.682234294735295e-06
0.7000000000000002  0.7580046912359935  0.312251294264988  0.3122539333667612  8.45178071825175e-06
0.71  0.7611162755171155  0.3100577367435253  0.3100602848334161  8.218046668674869e-06
0.7199999999999998  0.7642058459708638  0.3078488034987962  0.307851260469853  7.981032960788137e-06
0.7300000000000004  0.7672732515870918  0.3056250442479101  0.3056274100302098  7.740739940489377e-06
0.7400000000000002  0.7703183468558219  0.3033870091957945  0.3033892837563001  7.497168250140833e-06
0.75  0.7733409917710076  0.3011352488125516  0.3011374321548044  7.250318358641461e-06
0.7599999999999998  0.7763410518320728  0.2988703136120839  0.2988724057759529  7.00019081236762e-06
0.7700000000000005  0.7793183980432496  0.2965927539324961  0.2965947549938157  6.746785928940295e-06
0.7800000000000002  0.7822729069107226  0.2943031197178821  0.2943050297883251  6.490104652332795e-06
0.79  0.7852044604376072  0.2920019603026132  0.2920037795291414  6.23014719599908e-06
0.7999999999999998  0.7881129461167747  0.2896898241968675  0.2896915527614828  5.966914115567316e-06
0.8100000000000005  0.7909982569215449  0.2873672588747606  0.2873688969940282  5.700405592994149e-06
0.8200000000000003  0.7938602912942698  0.285034810564167  0.2850363584890072  5.430622424453814e-06
0.8300000000000001  0.7966989531328281  0.2826930240394548  0.2826944820545803  5.157564855421094e-06
0.8399999999999999  0.7995141517750588  0.2803424424160072  0.2803438108396206  4.881233544358707e-06
0.8500000000000005  0.8023058019811486  0.2779836069478018  0.2779848861309964  4.601628571752627e-06
0.8600000000000003  0.8050738239140147  0.2756170568270547  0.2756182471534566  4.318750351920721e-06
0.8700000000000001  0.8078181431176896  0.2732433289868944  0.2732444308722162  4.032599377624714e-06
0.8799999999999999  0.8105386904937525  0.2708629579068591  0.270863971798338  3.743175853949423e-06
0.8899999999999997  0.8132354022758267  0.2684764754209575  0.2684774017970025  3.450480519883983e-06
0.9000000000000004  0.815908220002172  0.2660844105293382  0.2660852498987548  3.154513137810213e-06
0.9100000000000001  0.8185570904864133  0.2636872892121667  0.2636880421138181  2.855274154176357e-06
0.9199999999999999  0.8211819657864152  0.2612856342472658  0.2612863012495532  2.552764091178585e-06
0.9299999999999997  0.8237828031713585  0.2588799650309495  0.2588805467311489  2.246983045821766e-06
0.9400000000000004  0.8263595650870346  0.2564707974019308  0.2564712944256203  1.937931067865197e-06
0.9500000000000002  0.8289122191193971  0.2540586434685576  0.254059056469189  1.625608774416337e-06
0.96  0.8314407379564056  0.2516440114400219  0.2516443410981171  1.310015928939758e-06
0.9699999999999998  0.8339450993481974  0.2492274054604225  0.249227652483066  9.911526311220212e-07
0.9800000000000004  0.8364252860656144  0.2468093254467116  0.2468094905670427  6.690193748039846e-07
0.9900000000000002  0.8388812858571315  0.2443902669304995  0.2443903509069995  3.436162669583848e-07
1  0.8413130914042243  0.2419707209033502  0.2419707245191434  1.494310178251921e-08
1.01  0.8437207002751984  0.2395511736656535  0.2395510977280134  3.169997583519598e-07
1.02  0.8461041148775377  0.2371321066798321  0.2371319520193795  6.522126240260891e-07
1.03  0.848463342408795  0.2347139964268047  0.2347137638970118  9.906951729626084e-07
1.04  0.8507983948060737  0.2322973142669154  0.2322970047433662  1.332447439646631e-06
1.05  0.8531092886941332  0.2298825263045601  0.2298821406842331  1.677469706240953e-06
1.06  0.8553960453321652  0.2274700932567146  0.2274696324573858  2.025761961519652e-06
1.07  0.8576586905592674  0.2250604703256824  0.2250599352852696  2.377324120803675e-06
1.08  0.8598972547386787  0.2226541070759972  0.2226534987517612  2.732156644394035e-06
1.09  0.8621117727007872  0.2202514473150359  0.2202507666830334  3.090259401858494e-06
1.100000000000001  0.8643022836849797  0.2178529289783117  0.2178521770325504  3.451632990618656e-06
1.11  0.8664688312803533  0.2154589840182621  0.2154581617702196  3.816277070443549e-06
1.12  0.8686114633653449  0.2130700382979734  0.2130691467757178  4.184192169977471e-06
1.13  0.8707302320463127  0.2106865114885659  0.2106855517360153  4.55537905989178e-06
1.14  0.8728251935951161  0.2083088169706619  0.2083077900471084  4.929837492794945e-06
1.15  0.8748964083857262  0.2059373617406923  0.2059362687199747  5.307567843176378e-06
1.16  0.8769439408299299  0.2035725463210113  0.2035713882907594  5.688570783981823e-06
1.17  0.8789678593121464  0.2012147646742223  0.2012135427351974  6.072846828514294e-06
1.18  0.8809682361234142  0.1988644041218323  0.198863119387276  6.460396277868939e-06
1.19  0.8829451473945833  0.1965218452672044  0.1965204988621364  6.851219469381417e-06
1.2  0.8848986730287582  0.194187461922822  0.1941860549832129  7.245317431346726e-06
1.21  0.8868288966330397  0.1918616210413822  0.1918601547135994  7.642690505608354e-06
1.22  0.8887359054495858  0.1895446826515085  0.1895431580916403  8.043338960393867e-06
1.23  0.8906197902860701  0.1872369997978836  0.1872354181707294  8.447264783336703e-06
1.24  0.8924806454455434  0.1849389184843936  0.1849372809633053  8.854467200252322e-06
1.25  0.8943185686557579  0.182650777623215  0.1826490853890219  9.26494753314897e-06
1.26  0.8961336609980076  0.1803729089867468  0.1803711632270804  9.678707145581531e-06
1.27  0.8979260268354931  0.1781056371638483  0.1781038390726935  1.009574619065254e-05
1.28  0.8996957737412845  0.1758492795208159  0.1758474302976623  1.051606583333311e-05
1.29  0.9014430124259093  0.1736041461658381  0.173602247015033  1.09396671861833e-05
1.3  0.9031678566646012  0.1713705399176641  0.1713685920478074  1.136655108990551e-05
1.31  0.9048704232242628  0.1691487562784236  0.1691467609016723  1.17967186639397e-05
1.32  0.9065508317901696  0.1669390834102649  0.1669370417417138  1.22301709064093e-05
1.33  0.908209204892468  0.1647418021161286  0.1647397153730768  1.266690941586877e-05
1.34  0.9098456678324921  0.1625571858240694  0.1625550552255342  1.310693495388328e-05
1.350000000000001  0.9114603486089496  0.1603855005759414  0.1603833273419195  1.355024900625629e-05
1.36  0.9130533778440109  0.1582270050194601  0.158224790370383  1.399685265464133e-05
1.37  0.9146248887093388  0.1560819504044164  0.1560796955604208  1.444674778150165e-05
1.38  0.9161750168520991  0.1539505805821772  0.1539482867626337  1.489993550244522e-05
1.39  0.9177039003209823  0.1518331320092279  0.1518308004321617  1.535641687638455e-05
1.4  0.9192116794922839  0.1497298337544449  0.1497274656357448  1.581619437724954e-05
1.41  0.9206984969960711  0.1476409075093086  0.1476385040623557  1.627926920668461e-05
1.42  0.92216449764247  0.1455665676022819  0.1455641300373476  1.674564285645209e-05
1.43  0.9236098283481167  0.1435070210164383  0.1435045505400625  1.721531732970825e-05
1.44  0.925034638062799  0.1414624674103779  0.1414599652248387  1.768829460107614e-05
1.45  0.9264390776963242  0.1394330991424804  0.1394305664453602  1.816457599499678e-05
1.46  0.9278233000456485  0.1374191012987609  0.1374165392822818  1.864416388699739e-05
1.47  0.9291874597222993  0.1354206517234466  0.1354180615740713  1.912705990012942e-05
1.48  0.9305317130801176  0.1334379210532061  0.1334353039510022  1.961326670230808e-05
1.49  0.9318562181433634  0.1314710727539609  0.131468429872231  2.010278614019325e-05
1.5  0.9331611345351968  0.1295202631610509  0.1295175956658917  2.059561981083115e-05
1.51  0.9344466234065844  0.1275856415225177  0.1275829505721419  2.109177099042207e-05
1.52  0.9357128473656473  0.125667350044703  0.1256646367890881  2.159124224810563e-05
1.53  0.9369599704074784  0.1237655239408801  0.1237627895215231  2.209403462551973e-05
1.54  0.9381881578444649  0.1218802914831589  0.1218775370324018  2.260015113651219e-05
1.55  0.9393975762371415  0.1200117740563585  0.1200090006969857  2.310959475358583e-05
1.56  0.9405883933255922  0.1181600862147717  0.1181572950595822  2.3622368708078e-05
1.57  0.9417607779614369  0.1163253357411933  0.116322527892807  2.413847461173273e-05
1.58  0.942914900040416  0.1145076237089895  0.1145048002592924  2.465791556975926e-05
1.59  0.9440509304356166  0.11270704454601  0.1127042065757706  2.518069489750514e-05
1.600000000000001  0.9451690409313364  0.1109236861008357  0.1109208346794555  2.570681503166069e-05
1.61  0.9462694041576333  0.1091576297115783  0.1091547658966473  2.623627935470415e-05
1.62  0.9473521935255679  0.1074089502765186  0.1074060751134838  2.676909133649492e-05
1.63  0.9484175831631636  0.1056777163268208  0.1056748308487636  2.730525361616966e-05
1.64  0.9494657478521042  0.1039639901014507  0.1039610953287643  2.784476901965493e-05
1.65  0.9504968629651928  0.1022678276241106  0.102264924563978  2.838764263556443e-05
1.66  0.9515111044045864  0.1005892787813511  0.1005863684276906  2.893387748279698e-05
1.67  0.9525086485408197  0.09892838740303211  0.09892547073632373  2.948347565777695e-05
1.68  0.953489672152647  0.09728519134468604  0.09728226933146754  3.003644177483216e-05
1.69  0.9544543523677136  0.09565972257091974  0.09565679616352393  3.059278078694164e-05
1.7  0.9554028666040654  0.09405200724030482  0.09404907737688691  3.115249505508985e-05
1.71  0.9563353925125196  0.09246206579246105  0.09245913339658068  3.171558906776165e-05
1.72  0.9572521079199146  0.09088991303581814  0.0908869790162829  3.228206688131728e-05
1.73  0.9581531907732361  0.08933555823698226  0.08933262348765493  3.285193261718052e-05
1.74  0.9590388190846542  0.08779900521126059  0.08779607061090559  3.342519015461961e-05
1.75  0.9599091708774613  0.0862802524145186  0.08627731882651153  3.400184482979992e-05
1.76  0.9607644241329445  0.08477929303576365  0.08477636130802226  3.458190108844863e-05
1.77  0.9616047567381767  0.08329611509099344  0.08329318605587441  3.516536295137727e-05
1.78  0.9624303464347643  0.08183070151798374  0.08182777599214276  3.575223456230347e-05
1.79  0.9632413707685363  0.08038303027199271  0.08038010905615417  3.634252146266247e-05
1.8  0.9640380070402041  0.0789530744220337  0.07895015830089419  3.693622916363121e-05
1.81  0.9648204322569771  0.07754080224788461  0.07753789199013392  3.753336176666958e-05
1.82  0.9655888230851618  0.07614617733806169  0.07614327369620728  3.813392455368172e-05
1.83  0.9663433558037383  0.0747691586880888  0.0747662623983676  3.873792307233145e-05
1.84  0.9670842062589236  0.07340970079931013  0.07340681258165692  3.934536253014171e-05
1.850000000000001  0.9678115498197246  0.0720677537782337  0.07206487433621793  3.995624834277099e-05
1.86  0.9685255613344882  0.07074326343624744  0.07074039345698334  4.057058667404981e-05
1.87  0.9692264150884495  0.06943617138952123  0.06943331154367419  4.118838326240949e-05
1.88  0.9699142847622786  0.06814641515919963  0.06814356610104459  4.180964275939004e-05
1.89  0.9705893433916335  0.06687392827204423  0.06687109063930718  4.243437201218413e-05
1.9  0.9712517633277196  0.06561864036076089  0.06561581477467655  4.306257712465842e-05
1.91  0.9719017161988487  0.06438047726467637  0.06437766432996934  4.369426471589836e-05
1.92  0.9725393728730131  0.06315936113023969  0.06315656143519865  4.432944063791368e-05
1.93  0.9731649034214535  0.06195521051161749  0.0619524246281052  4.496811107898872e-05
1.94  0.9737784770832455  0.06076794047115826  0.06076516895456473  4.561028367423436e-05
1.95  0.9743802622308766  0.05959746267936843  0.05959470606881605  4.62559635615272e-05
1.96  0.9749704263368328  0.05844368551528159  0.05844094433345148  4.690515975363813e-05
1.97  0.9755491359411822  0.05730651416574641  0.05730378891911716  4.755787846943927e-05
1.98  0.9761165566201478  0.05618585072495583  0.05618314190386799  4.821412608920257e-05
1.99  0.9766728529556813  0.05508159429350574  0.05507890237212575  4.887391113579216e-05
2  0.9772181885060179  0.05399364107662845  0.05399096651318806  4.953723952566114e-05
2.01  0.9777527257772138  0.05292188448250055  0.05291922771924032  5.020412002844795e-05
2.02  0.978276626195668  0.0518662152195215  0.05186357668282051  5.087456110335054e-05
2.03  0.9787900500816042  0.05082652139308361  0.05082390149369116  5.154856898913971e-05
2.04  0.9792931566235297  0.04980268860206966  0.04980008773507077  5.222615294824418e-05
2.05  0.9797861038536456  0.04879460003418216  0.04879201857918277  5.290732120864279e-05
2.06  0.9802690486242134  0.04780213656076051  0.04779957488207696  5.359208088910311e-05
2.07  0.9807421465848608  0.04682517683098453  0.04682263527768313  5.428044120811928e-05
2.08  0.981205552160833  0.04586359736504884  0.04586107627105489  5.497241231414667e-05
2.09  0.9816594185321618  0.04491727264634123  0.0449147723307671  5.566800062390799e-05
2.100000000000001  0.9821038976137599  0.04398607521329905  0.04398359598042716  5.63672163821785e-05
2.11  0.9825391400364277  0.0430698757497803  0.0430674178892657  5.70700690930905e-05
2.12  0.9829652951287555  0.042168543174693  0.04216610696177031  5.777656744305799e-05
2.13  0.9833825108999216  0.04128194473069501  0.04127953042633042  5.848672064935514e-05
2.140000000000001  0.9837909340233695  0.04040994607185186  0.04040755392286025  5.920053948759994e-05
2.15  0.9841907098213586  0.03955241135008088  0.03955004158937019  5.991803334338155e-05
2.16  0.9845819822503711  0.03870920330070276  0.03870685614745561  6.063921177708813e-05
2.17  0.9849648938873726  0.03788018332684465  0.03787785898667748  6.136408522933642e-05
2.18  0.985339585916908  0.03706521158264613  0.03706291024780651  6.209266418199497e-05
2.19  0.9857061981190256  0.03626414705536007  0.03626186890490619  6.282495973517631e-05
2.2  0.9860648688580151  0.03547684764616053  0.03547459284623142  6.356098120353207e-05
2.21  0.9864157350719488  0.03470317024997301  0.03470093895391882  6.430074002194797e-05
2.22  0.9867589322630146  0.03394297083388113  0.03394076318244921  6.504424841751937e-05
2.23  0.9870945944886265  0.03319610451425552  0.03319392063586109  6.579151701842556e-05
2.24  0.9874228543532997  0.03246242563273508  0.03246026564369744  6.654255579237804e-05
2.25  0.9877438430012812  0.03174178783101402  0.03173965183566742  6.729737798184723e-05
2.26  0.98805769010992  0.03103404412408763  0.03103193221500827  6.805599679452588e-05
2.27  0.9883645238837629  0.03033904697218379  0.0303369592305316  6.881842165945304e-05
2.28  0.9886644710493636  0.02965664835166756  0.02965458484734125  6.958466412290657e-05
2.29  0.9889576568507963  0.02898669982447428  0.02898466061620942  7.035474011112272e-05
2.3  0.9892442050458531  0.02832905260586136  0.02832703774160119  7.112866084156192e-05
2.31  0.9895242379029136  0.02768355763118128  0.02768156714833653  7.19064362966637e-05
2.32  0.9897978761984767  0.02705006562141512  0.02704809954688176  7.268808405361405e-05
2.33  0.9900652392153418  0.02642842714670247  0.02642648549726172  7.347361573841477e-05
2.34  0.9903264447414107  0.02581849268900974  0.02581657547158769  7.426304174862981e-05
2.350000000000001  0.9905816090691221  0.02522011270351175  0.02521821991519436  7.505638081324268e-05
2.36  0.990830846995481  0.02463313767789907  0.02463126930638249  7.585364332384907e-05
2.37  0.99107427182268  0.02405741819103187  0.02405557421476297  7.665484317415729e-05
2.38  0.9913119953593016  0.02349280496990299  0.02349098535820137  7.745999896899598e-05
2.390000000000001  0.9915441279220781  0.02293914894486764  0.02293735365836067  7.826912091573799e-05
2.4  0.9917707783381989  0.02239630130404006  0.02239453029484288  7.908222114322324e-05
2.41  0.9919920539481589  0.02186411354621656  0.02186236675792939  7.989932226962632e-05
2.42  0.9922080606091233  0.02134243753173549  0.02134071489992279  8.072043606710164e-05
2.43  0.9924189026987936  0.02083112553268178  0.0208294269850922  8.154557447921824e-05
2.44  0.9926246831197769  0.02033003028162382  0.02032835573822582  8.237475866554984e-05
2.45  0.9928255033044261  0.01983900501843536  0.01983735439179531  8.320800281381867e-05
2.46  0.9930214632201456  0.01935790353622166  0.01935627673173696  8.404532065944402e-05
2.47  0.9932126613751505  0.01888658022575635  0.01888497714185619  8.488672705922511e-05
2.48  0.9933991948246608  0.01842489011859611  0.01842331064686203  8.573224239401239e-05
2.49  0.9935811591775224  0.01797268892864728  0.01797113295403963  8.658188727578999e-05
2.5  0.9937586486032337  0.01752983309228943  0.01752830049356854  8.743567132801333e-05
2.51  0.9939317558393682  0.01709617980770623  0.01709467045749696  8.829361250520876e-05
2.52  0.9941005721993879  0.01667158707247021  0.01667010083738104  8.915573478890664e-05
2.53  0.9942651875808176  0.01625591371950431  0.01625445046060049  9.00220470306871e-05
2.54  0.9944256904737779  0.01584901945260209  0.01584757902536082  9.089257349446792e-05
2.55  0.9945821679698696  0.01545076487975312  0.01544934713439517  9.176733137097873e-05
2.56  0.994734705771373  0.01506101154565874  0.01505961632737743  9.2646336465726e-05
2.57  0.9948833882007828  0.01467962196296555  0.01467824911206003  9.352960935906927e-05
2.58  0.9950282982106323  0.01430645964201091  0.01430510899414969  9.441716674586847e-05
2.59  0.995169517393623  0.01394138911967508  0.01394006050593583  9.530903676397125e-05
2.600000000000001  0.9953071259930258  0.01358427598637275  0.0135829692336856  9.620523058458035e-05
2.61  0.9954412029133505  0.01323498691256392  0.01323370184382136  9.710576509378977e-05
2.62  0.9955718257312771  0.01289338967377401  0.0128921261078953  9.80106669863032e-05
2.63  0.995699070706826  0.0125593531741122  0.01255811092637821  9.891995231416273e-05
2.640000000000001  0.9958230127947594  0.01223274746914886  0.01223152635127795  9.983364592723899e-05
2.65  0.9959437256562089  0.01191344378720397  0.01191224360760517  0.0001007517675369917
2.66  0.9960612816705035  0.01160131454973648  0.01160013511370256  0.0001016743358896596
2.67  0.9961757519472036  0.01129623339060661  0.01129507450045614  0.0001026013728752711
2.68  0.9962872063383156  0.01099807517412269  0.01099693662940559  0.0001035328978853799
2.69  0.9963957134506861  0.01070671601214902  0.01070559760977217  0.0001044689346274669
2.7  0.9965013406585586  0.01042203328003888  0.01042093481442259  0.0001054095084412477
2.71  0.9966041541162869  0.01014390563146028  0.01014282689478708  0.0001063546370639924
2.72  0.9967042187711878  0.009872213012417808  0.009871153794751146  0.00010730434239867
2.73  0.9968015983765353  0.009606836674197688  0.009605796763539575  0.0001082586571121164
2.74  0.9968963555046717  0.009347659184971912  0.009346638367612283  0.0001092175945488687
2.75  0.9969885515602347  0.00909456444099252  0.009093562501591053  0.0001101811750116093
2.76  0.9970782467934916  0.008847437676622841  0.008846454398237232  0.0001111494324556936
2.77  0.9971655003137672  0.008606165473113065  0.008605200637499661  0.0001121223843636417
2.78  0.9972503701029538  0.008370635766924607  0.008369689154653023  0.000113100051159941
2.79  0.9973329130291056  0.008140737857104292  0.008139809247546021  0.0001140824717177332
2.8  0.9974131848600959  0.00791636241130269  0.007915451582979969  0.0001150696600405549
2.81  0.9974912402773317  0.007697401471584872  0.007696508202237312  0.0001160616378347117
2.82  0.9975671328895276  0.007483748459119637  0.007482872525780553  0.0001170584339189636
2.83  0.9976409152465141  0.007275298178000144  0.007274439357141218  0.0001180600753902993
2.84  0.9977126388530876  0.007071946818381714  0.007071104886019449  0.0001190665922562999
2.850000000000001  0.9977823541828817  0.0068735919586728  0.006872766690613966  0.0001200779971130362
2.86  0.997850110692261  0.006680132567427197  0.00667932373920261  0.000121094328732768
2.87  0.9979159568342303  0.006491469003966494  0.006490676390993364  0.0001221156202193396
2.88  0.9979799400723404  0.006307503018381917  0.006306726396265928  0.0001231418753871574
2.890000000000001  0.9980421068945979  0.00612813775141565  0.006127376895823678  0.0001241731339377346
2.9  0.9981025028273687  0.00595327773294531  0.005952532419775849  0.0001252094263250893
2.91  0.9981611724492568  0.00578282888011329  0.005782098885669473  0.0001262507712599181
2.92  0.9982181594049709  0.005616698494998027  0.005615983595990969  0.0001272972035687785
2.93  0.9982735064191568  0.005454795261355581  0.005454095235056556  0.0001283487487576866
2.94  0.9983272553101981  0.005297029241019382  0.005296343865311011  0.0001294054400168156
2.95  0.9983794470039772  0.005143311869532206  0.005142640923053939  0.0001304673004212668
2.96  0.9984301215475887  0.004993555951338209  0.004992899213612376  0.0001315343446232812
2.97  0.9984793181230039  0.004847675654650835  0.004847032905978953  0.0001326066243721604
2.98  0.9985270750606817  0.004705586505299276  0.004704957526933971  0.0001336841749800795
2.99  0.9985734298531099  0.004567205380273762  0.004566589954670145  0.0001347669945682382
3  0.9986184191682872  0.004432450501307234  0.004431848411938008  0.0001358551361107727
3.01  0.9986620788631361  0.004301241427190059  0.00430065245873045  0.0001369486293675998
3.02  0.998704443996831  0.00417349904601192  0.004172922984523954  0.0001380474765773818
3.03  0.9987455488440563  0.004049145567292054  0.004048582200094426  0.0001391517251680104
3.04  0.9987854269081768  0.003928104513228976  0.003927553628924779  0.000140261434023429
3.05  0.9988241109343209  0.003810300709477819  0.00380976209822181  0.0001413766114844524
3.06  0.9988616329223664  0.003695660276009728  0.003695133729559029  0.0001424972651157669
3.07  0.9988980241398411  0.003584110617566104  0.003583595929162359  0.0001436234480446593
3.08  0.9989333151347177  0.003475580413370224  0.003475077377854938  0.0001447551983997323
3.09  0.9989675357481085  0.003369999606733559  0.003369508020677481  0.0001458925318061693
3.100000000000001  0.9990007151268524  0.003267299394521598  0.003266819056199916  0.0001470354841877285
3.11  0.9990328817359989  0.003167412216054167  0.003166942925540075  0.0001481840769240438
3.12  0.9990640633711735  0.003070271742000651  0.00306981330110474  0.0001493383639146941
3.13  0.9990942871708389  0.002975812862687576  0.002975365075068254  0.0001504983785264384
3.140000000000001  0.9991235796284272  0.002883971676276359  0.002883534347603434  0.0001516641108468112
3.15  0.9991519666043644  0.002794685477142182  0.002794258414879442  0.0001528356362695206
3.16  0.9991794733379701  0.002707892743247844  0.0027074757568407  0.0001540129790968412
3.17  0.9992061244592294  0.002623533123802313  0.002623126024781024  0.0001551961352382961
3.18  0.9992319440004461  0.002541547426920638  0.002541150028726526  0.0001563851758530715
3.19  0.9992569554077678  0.002461877606496684  0.002461489724640698  0.0001575801239806326
3.2  0.9992811815525761  0.002384466749377807  0.00238408820146484  0.0001587810017824877
3.21  0.9993046447427554  0.002309259062333085  0.002308889668006496  0.0001599878641703035
3.22  0.9993273667338227  0.00223619985857944  0.002235839439688543  0.0001612007036368557
3.23  0.999349368739927  0.002165235544687773  0.002164883925171059  0.0001624195702255113
3.24  0.9993706714447165  0.002096313606941891  0.002095970612857942  0.0001636445100160776
3.25  0.9993912950120658  0.002029382597712502  0.002029048057299768  0.0001648755491674098
3.26  0.9994112590966707  0.001964392121783654  0.001964065865504376  0.0001661126976483091
3.27  0.9994305828545015  0.001901292822609242  0.001900974683166077  0.0001673559600676652
3.28  0.9994492849531229  0.001840036368716586  0.001839726180824278  0.0001686054672381636
3.29  0.9994673835818758  0.001780575439286374  0.001780273039961879  0.0001698612053921731
3.3  0.9994848964619086  0.001722863710418182  0.001722568939053681  0.0001711231160728745
3.31  0.9995018408560842  0.001666855841547834  0.001666568539574578  0.0001723913337095985
3.32  0.9995182335787396  0.001612507460868641  0.001612227471977123  0.0001736658730757804
3.33  0.9995340910053016  0.001559775151471798  0.001559502321647691  0.0001749467251952979
3.34  0.999549429081769  0.001508616437412189  0.001508350614850307  0.0001762339334533399
3.350000000000001  0.9995642633340498  0.00145898976954276  0.001458730804666743  0.0001775275295402176
3.36  0.9995786088771599  0.001410854511496614  0.001410602256941383  0.0001788275568045247
3.37  0.9995924804242797  0.001364170925549664  0.001363925236238904  0.000180134001653733
3.38  0.9996058922956709  0.001318900158758707  0.001318660891822742  0.0001814469037854422
3.390000000000001  0.9996188584274549  0.001275004228978887  0.001274771243661831  0.0001827663733511656
3.4  0.9996313923802504  0.001232446010590608  0.001232219168473018  0.000184092346065107
3.41  0.9996435073476667  0.001191189220861614  0.001190968385806117  0.0001854247838386376
3.42  0.9996552161646677  0.001151198406268452  0.001150983444178485  0.0001867638418736208
3.43  0.9996665313157921  0.001112438928202378  0.001112229707265567  0.0001881094664563785
3.44  0.9996774649432317  0.001074876949602755  0.001074673340153734  0.0001894617102833682
3.45  0.9996880288547841  0.001038479421122695  0.00103828129566141  0.0001908206014237165
3.46  0.9996982345316542  0.001003214067507607  0.001003021300734238  0.0001921861212995687
3.47  0.9997080931361343  0.0009690493741942209  0.0009688618429198468  0.0001935583238668575
3.48  0.9997176155191381  0.0009359545737108932  0.000935772156927478  0.0001949371778853385
3.49  0.9997268122276085  0.0009038996324983921  0.0009037222112775245  0.0001963227401668134
3.5  0.999735693511788  0.0008728552374992669  0.0008726826950457602  0.0001977149936468618
3.51  0.9997442693323585  0.0008427927831510792  0.0008426250047069028  0.0001991140106681291
3.52  0.9997525493674511  0.0008136843581363525  0.0008135212310818069  0.000200519726238289
3.53  0.9997605430195212  0.0007855027326420128  0.0007853441463924686  0.0002019321723765496
3.54  0.9997682594221039  0.0007582213454815518  0.0007580671914287103  0.0002033514371608092
3.55  0.9997757074464309  0.0007318142911882436  0.0007316644628303109  0.0002047774158021562
3.56  0.9997828957079277  0.0007062563076643142  0.000706110700488035  0.0002062101256624023
3.57  0.9997898325725841  0.0006815227635959132  0.0006813812750668916  0.000207649570363905
3.58  0.9997965261631996  0.0006575896461247372  0.0006574521756546766  0.0002090957717552528
3.59  0.9998029843655066  0.0006344335486240931  0.0006342999975387576  0.0002105487716438679
3.600000000000001  0.9998092148341721  0.0006120316584978932  0.0006119019301137709  0.000212008457136558
3.61  0.9998152249986766  0.0005903617454117286  0.0005902357449227851  0.0002134748531030374
3.62  0.9998210220690803  0.000569402149391841  0.0005692797838342526  0.0002149480116160739
3.63  0.9998266130416644  0.0005491317690564286  0.0005490129473569587  0.0002164278639363644
3.640000000000001  0.9998320047044614  0.0005295300501695467  0.0005294146830949338  0.0002179143841242535
3.65  0.9998372036426678  0.0005105769742219765  0.0005104649743441847  0.0002194075664754207
3.66  0.9998422162439459  0.0004922530471018865  0.0004921443288328931  0.0002209072880128975
3.67  0.9998470487036099  0.0004745392881366874  0.0004744337676066206  0.0002224136165497714
3.68  0.9998517070297086  0.0004574172190019123  0.0004573148140598576  0.0002239265794728672
3.69  0.9998561970479899  0.0004408688528356835  0.0004407694831151318  0.0002254460083067613
3.7  0.9998605244067653  0.0004248766837355957  0.0004247802705507514  0.0002269718994228186
3.71  0.9998646945816646  0.0004094236761453905  0.0004093301424780789  0.0002285042258197048
3.72  0.9998687128802882  0.0003944932544519286  0.0003944025249691569  0.0002300428547682788
3.73  0.9998725844467536  0.0003800692928324159  0.0003799812938353208  0.0002315877084551144
3.74  0.9998763142661449  0.0003661361052287393  0.000366050764557335  0.0002331388967525326
3.75  0.9998799071688582  0.0003526784352725429  0.0003525956823674455  0.0002346963086497234
3.76  0.9998833678348503  0.0003396814465261626  0.0003396012124836548  0.0002362595878883487
3.77  0.9998867007977887  0.0003271307131180804  0.0003270529304963744  0.0002378288480337465
3.78  0.9998899104491127  0.0003150122101058873  0.0003149368129075216  0.000239404208322422
3.79  0.9998930010419909  0.0003033123040174843  0.0003032392278220042  0.0002409852973343097
3.8  0.999895976695193  0.0002920177438747531  0.0002919469257914603  0.0002425717725948722
3.81  0.9998988413968684  0.0002811156523896468  0.0002810470308099858  0.0002441640442283585
3.82  0.9999015990082408  0.0002705935166547104  0.0002705270314615208  0.0002457617371189526
3.83  0.9999042532672014  0.0002604391796945438  0.0002603747722184425  0.0002473645029144828
3.84  0.9999068077918347  0.0002506408320668116  0.0002505784448908607  0.0002489726360063915
3.850000000000001  0.9999092660838428  0.0002411870030472103  0.000241126580225993  0.0002505854856841881
3.86  0.9999116315318957  0.0002320665528021731  0.0002320080396569419  0.0002522030931241862
3.87  0.9999139074148988  0.0002232686641234819  0.0002232120072001021  0.0002538256077282264
3.88  0.9999160969051781  0.0002147828342568957  0.000214727981500367  0.0002554522989758093
3.890000000000001  0.999918203071584  0.0002065988674360186  0.0002065457680232251  0.0002570830344365978
3.9  0.9999202288825269  0.0001987068671327517  0.0001986554713927724  0.0002587179684453743
3.91  0.9999221772089266  0.0001910972283303321  0.0001910474878745976  0.0002603565023956207
3.92  0.9999240508270935  0.000183760630423345  0.0001837124980024571  0.000261998619643583
3.930000000000001  0.9999258524215351  0.0001766880297626765  0.0001766414593475706  0.0002636437407045401
3.94  0.9999275845876887  0.0001698706527608654  0.0001698255994293433  0.0002652917562105384
3.95  0.9999292498345903  0.0001632999888756571  0.000163256408766242  0.0002669427175598426
3.96  0.9999308505874662  0.0001569677835711081  0.0001569256340655323  0.0002685954135333675
3.97  0.9999323891902617  0.0001508660321058906  0.0001508252715505181  0.0002702501706344332
3.98  0.9999338679081083  0.0001449869726222217  0.0001449475604238908  0.000271906599984484
3.99  0.9999352889297142  0.000139323079773049  0.0001392849764657599  0.0002735636552908707
4  0.9999366543697038  0.0001365439989631263  0.0001338302257648854  0.02027773010716232
