3  0  4  0
2.99  -0.1992916666666667  3.995  -0.1001666666666667
2.960247513888889  -0.3943575000000001  3.9799418125  -0.2013245833333333
2.911371001119792  -0.5811276532355326  3.954678710520833  -0.3044085361229745
2.844392887500081  -0.7558144245748021  3.918975198508678  -0.4102512555737325
2.760694835313128  -0.9150400470116115  3.872519567534762  -0.5195373674786146
2.661970942589524  -1.055949619129418  3.814940790012537  -0.6327629125201982
2.550170567410428  -1.176305094501234  3.745829118405634  -0.7502019635618495
2.42743284787641  -1.274556938138554  3.664759612105983  -0.871881609681738
2.296015287616581  -1.349890872757245  3.571317704761918  -0.9975662698233485
2.158218989550955  -1.402248045743721  3.465125844926701  -1.126751957462947
2.016313239311705  -1.432317916484616  3.345870198888814  -1.258670753422702
1.872462159969006  -1.441504157829368  3.213326397554815  -1.392305370180772
1.728656080777751  -1.431864848630155  3.067383339550867  -1.526413321385363
1.58665008746305  -1.40602917069283  2.908064129197258  -1.659559858255456
1.447911956505652  -1.36709367893226  2.735543328277635  -1.790158512990157
1.313581330660448  -1.318501956867634  2.550159830925435  -1.916517809942609
1.184441580151576  -1.263912073723114  2.352424826738695  -2.036892478334999
1.060905328708302  -1.207056702302323  2.143024492739695  -2.149537333978497
0.9430141228209914  -1.151601022350738  1.922817243626968  -2.252761897883222
0.8304522045829648  -1.10100361264771  1.692825565047205  -2.344983790431376
0.7225738321443937  -1.058385423741908  1.454222649231376  -2.424778982007957
0.6184430959775968  -1.026411626147688  1.208314239204857  -2.49092709309919
0.5168847219271265  -1.007190656817965  0.9565162600899599  -2.542450114791508
0.4165439500704717  -1.002194157042502  0.7003289674963238  -2.578643157846668
0.3159532464049065  -1.012200730578844  0.4413084681246618  -2.599096126441844
0.2136033544087832  -1.037265579705853  0.1810365619378558  -2.603705540750883
0.1080160347128229  -1.076717130787624  -0.07891008484803702  -2.59267608884395
-0.002184220756237837  -1.129180774370931  -0.336990403308285  -2.566511859909613
-0.1182021764828897  -1.19262885380665  -0.591728003205563  -2.525997584014394
-0.2410100841127943  -1.264455077038242  -0.8417379043516877  -2.472170564908235
-0.3712944694275829  -1.341570633532281  -1.085750035826672  -2.406284328595081
-0.5094134761652881  -1.420518504895156  -1.322628738571674  -2.32976530926666
-0.6553663816042483  -1.497601792461398  -1.551387652052246  -2.244164144858566
-0.8087764540611346  -1.569021372309505  -1.77119953312713  -2.151103347804568
-0.9688878348529854  -1.63101784645527  -1.981400738849674  -2.052223245503803
-1.134576614630697  -1.680012600841517  -2.18149029798023  -1.949128144890962
-1.304375755011221  -1.712742811940925  -2.371123691461903  -1.843334664145915
-1.476513000051509  -1.726385463163244  -2.55010165288554  -1.736224092428401
-1.648960446791852  -1.71866583179412  -2.718354479092666  -1.629000488589544
-1.819494017188055  -1.687946472304255  -2.875922502013984  -1.522656017580542
-1.985760710822258  -1.63329343193133  -3.022933509757029  -1.417944756506865
-2.145351232068113  -1.554517263544771  -3.159578012858946  -1.315365890708601
-2.295875387307102  -1.452187318707635  -3.286083326587991  -1.215156875261547
-2.435037544571835  -1.327618777067566  -3.402687479491649  -1.117296771483836
-2.560709443392048  -1.182832861242808  -3.509613960633031  -1.021519594751493
-2.670997736805502  -1.020491663003413  -3.607048283066391  -0.9273371427962132
-2.764303837032406  -0.8438099311676626  -3.695117270368075  -0.8340704260763621
-2.839373914284761  -0.6564470105255943  -3.773871869059882  -0.7408885064591487
-2.895337254453111  -0.4623828436818025  -3.843274156349265  -0.6468532788324315
-2.931731602990369  -0.265782527640035  -3.903189054650503  -0.5509685122857543
-2.948514593823306  -0.07085433309959419  -3.953381087623336  -0.4522313111112336
-2.946060866375144  0.1182936683592115  -3.993516323435791  -0.3496840667771175
-2.925144992393982  0.2977931743858896  -4.02316945653901  -0.2424649534660291
-2.886910848346154  0.4641463641723976  -4.041835786543579  -0.1298550724182511
-2.832828559914186  0.6143430218325523  -4.048947668854986  -0.01132047225215697
-2.764640594750023  0.7459598360746422  -4.043894843286483  0.1134525408040641
-2.684298971693701  0.8572382920336709  -4.026047900080849  0.2445301440607234
-2.593895874894635  0.9471383523001351  -3.994784023008179  0.3817128383328951
-2.495590198007493  1.015366007377328  -3.949514060848661  0.5245271019534701
-2.391532688264359  1.062373728795387  -3.88970992485487  0.6722272156188221
-2.283792407496511  1.08933384614235  -3.814931292691173  0.8238072432537071
-2.174287175391331  1.098085856301391  -3.724850619506014  0.9780227828834641
-2.064720511334143  1.091059623211128  -3.619275513484858  1.133421744245009
-1.956527350555544  1.071177304848423  -3.498167624403109  1.288383079585454
-1.850830486780108  1.041737618843581  -3.361657316037782  1.44116210283571
-1.74840929897214  1.006286700934723  -3.210053542355254  1.58994079072952
-1.649681868509532  0.9684802979244806  -3.043848517747019  1.732881276277926
-1.554701101663109  0.9319423511598018  -2.863716957036098  1.868180626984946
-1.463164958555624  0.9001251563722009  -2.670509854773376  1.994124951605587
-1.374440372569971  0.8761762262810032  -2.465242968430934  2.109140901873461
-1.287599942343852  0.862816735869407  -2.249080359376882  2.211842728636111
-1.201470010338384  0.8622360057083736  -2.023313522093567  2.301073211839096
-1.114688324580191  0.8760058916354007  -1.789336789551903  2.375937004959893
-1.025769128775898  0.9050182209296807  -1.548619835249942  2.435825208744951
-0.9331732534009759  0.9494475724416847  -1.302678195341046  2.480430306447973
-0.8353805965118671  1.008740771687643  -1.05304280377555  2.509750941634684
-0.7309622946229946  1.081633495513459  -0.8012295669374208  2.524086387290595
-0.6186498942478031  1.166193390192627  -0.5487100006620853  2.524020928041387
-0.4973989432450343  1.259888137892154  -0.2968839119155166  2.510398742172767
-0.3664446239722165  1.359675994663332  -0.04705503128893423  2.484290213520948
-0.2253473400217996  1.462115501746345  0.1995896063966012  2.446950912684972
-0.07402653442554119  1.563490370973754  0.44199587369785  2.399774751118052
0.08721855369999604  1.65994498997939  0.6792538560390142  2.344243020870053
0.2577020106855406  1.747625604002474  0.9106039319425093  2.281871179463249
0.4363585582886773  1.822822022495563  1.135437499353306  2.214155318255265
0.6217648445731548  1.88210467809411  1.353292414257549  2.142520260818348
0.8121739977424137  1.922452033524543  1.563843399893841  2.068271175063107
1.005562240620434  1.941363682574921  1.766887867199139  1.992550451366728
1.19968592281364  1.936955011528855  1.962327753074786  1.916301403643617
1.39214694670069  1.908029958481586  2.150148126555822  1.840240098261879
1.580464256171787  1.854129205233072  2.330393428792771  1.764836316171002
1.762148834677388  1.775552030900321  2.503142296694944  1.690304317504963
1.934779529753829  1.673351015382703  2.668481969087585  1.616603717533051
2.09607698948523  1.549299769371429  2.826483286527196  1.54345041130492
2.243973063489153  1.405834849665012  2.977177271065489  1.470337115237724
2.376673184525585  1.245973958323923  3.120534211173784  1.396562740692472
2.492709500758071  1.073213387403766  3.256446081979396  1.321269490172914
2.590982863778661  0.8914084261772441  3.384713005406786  1.243486282990671
2.670792181523132  0.7046410673646386  3.50503430335491  1.16217688442875
2.73185010341538  0.5170798103610719  3.617004525219115  1.076290939094941
2.774284500781313  0.3328366459673313  3.720114645164802  0.9848160016093462
2.798625720689004  0.1558264082725572  3.813758431377879  0.8868286199379669
2.805780107123827  -0.01036640856301937  3.897243796116287  0.7815425599446746
2.796990780994284  -0.1626085445887281  3.969808748837707  0.6683523628713609
2.773787131750958  -0.2983222048874883  4.030641401801049  0.5468705967056059
2.737924881578187  -0.4155688613274865  4.078903324654427  0.4169573915806228
2.6913189233157  -0.5131096056894443  4.113755417221624  0.278741130111206
2.635971393096836  -0.5904398906123733  4.134385372640581  0.1326294856589599
2.573897608695041  -0.6477974294927364  4.140035739746047  -0.02068964680970894
2.507052578572547  -0.6861430057603429  4.13003156644604  -0.1802574141866377
2.437260761948069  -0.7071149301160223  4.103806615822746  -0.3448631781829495
2.366151637767116  -0.7129588453087926  4.060927193443089  -0.5130729514724626
2.295103424757499  -0.7064354768068234  4.001112706201823  -0.6832661126374248
2.225196993673604  -0.6907097315034407  3.924252186970164  -0.8536791132288667
2.157181637378538  -0.6692252260917442  3.830416161244416  -1.02245463472665
2.091453928297492  -0.6455688571711635  3.719863396720527  -1.187694453754412
2.028050411923458  -0.6233303871884101  3.593042258269068  -1.347514137842501
1.966654377022343  -0.6059622007799408  3.450586582544866  -1.5000976262967
1.906616426512335  -0.5966443784138267  3.293306181458502  -1.64374975378905
1.846988066538714  -0.5981600387292697  3.122172274867429  -1.776944848024631
1.786567053511487  -0.6127855247964905  2.938298333158205  -1.898369674562737
1.723952807251618  -0.6421994664122039  2.742916973328659  -2.006959206411554
1.657609828649585  -0.6874140603376497  2.537353691813784  -2.101923955911321
1.585936765865808  -0.7487310982717246  2.322998328556094  -2.182767912193557
1.507338564833594  -0.8257243679695743  2.10127523565894  -2.249296468002965
1.420299025256966  -0.9172490892677622  1.873613167521189  -2.301614082478879
1.323451066604389  -1.02147805901984  1.641415916060849  -2.340111798387636
1.215642090390519  -1.135963203115508  1.406034684264697  -2.365445099719318
1.095992002324566  -1.257720305448512  1.168743124972829  -2.378502945120356
0.9639417242154229  -1.383333836772016  0.9307158719541637  -2.380369131589427
0.819290371142928  -1.509078071722552  0.6930112606056635  -2.372277419597379
0.6622196817223072  -1.631050086694153  0.4565587807565911  -2.35556207522393
0.4933047532634175  -1.745309796417369  0.222151629737115  -2.331605648864677
0.3135106323335522  -1.848021928892134  -0.00955545355631332  -2.301785907588357
0.1241748264821172  -1.935594766143824  -0.238043086555917  -2.267423865776991
-0.073023684114641  -2.004810594737374  -0.4629190787184871  -2.229734815274015
-0.2761078642891984  -2.052943110833505  -0.68390559590278  -2.189784143499284
-0.4828569468587974  -2.077857498817813  -0.9008222147558629  -2.148449549996526
-0.6908697392861506  -2.078089532868559  -1.113565578074167  -2.106391035168116
-0.8976346645773529  -2.052900814252187  -1.322086485479989  -2.06402974817491
-1.100604041051286  -2.002308125795034  -1.526365346370646  -2.02153645461116
-1.297269950532127  -1.927085827188218  -1.726386980583696  -1.978830030524862
-1.485238985918384  -1.828741196174018  -1.922115774452035  -1.935586020568768
-1.662303209098044  -1.709463605444552  -2.113472185095511  -1.891254927999441
-1.826504787343558  -1.572049377345536  -2.300311534461709  -1.845089546399023
-1.976192005623525  -1.419805043497861  -2.482405948671178  -1.796180310437006
-2.11006466534196  -1.256432521962075  -2.659430180788484  -1.743497347853604
-2.227207265438747  -1.08590038194291  -2.83095191052563  -1.685937667902127
-2.327108805497389  -0.9123058713065695  -2.996426947876082  -1.622375731745675
-2.409668536325607  -0.7397327169561705  -3.155199585362016  -1.551715524686388
-2.47518749368448  -0.5721098601948322  -3.306508152117518  -1.472942193196503
-2.524346166839309  -0.4130762530796485  -3.449495629422836  -1.385171323595455
-2.558169156578309  -0.2658566187767114  -3.583224998624378  -1.287694023370116
-2.577978148959363  -0.1331526772257971  -3.70669881551706  -1.18001611749586
-2.585334954112317  -0.0170537716886244  -3.818882346693813  -1.061889985163212
-2.581976718529561  0.08102987735716302  -3.918729468878314  -0.9333378292771828
-2.569745701340804  0.1604088911221194  -4.00521042676985  -0.7946654822366852
-2.550516199820597  0.2211299382862301  -4.077340472304146  -0.6464661954716956
-2.526121309736815  0.2639639096541889  -4.134208371133272  -0.4896142244711433
-2.498282208476391  0.2903675302710191  -4.175003761917716  -0.3252483922911492
-2.468542553118477  0.3024198468571072  -4.199042390725864  -0.1547461792527672
-2.438210395280551  0.3027359450258154  -4.205788315125418  0.02031076857818381
-2.408309736604453  0.2943610812554731  -4.194872277805635  0.1981785070639966
-2.379543493336706  0.2806491287181577  -4.166105583964197  0.3769985640854808
-2.35226921857436  0.2651298077861405  -4.119488975341739  0.5548499232409676
-2.326488461727652  0.2513695805064968  -4.055216170919715  0.7298033787057827
-2.301850143718099  0.2428313186753981  -3.973671933469543  0.8999763321968061
-2.277667811675093  0.2427378989751353  -3.875424715470025  1.063586086563982
-2.252950127203722  0.2539447343820139  -3.761214130325917  1.21899974488539
-2.22644345627275  0.2788259239955858  -3.631933678323517  1.364778947086829
-2.196684984150195  0.3191782055300934  -3.488609324675096  1.499717863544733
-2.162064391818404  0.3761462441289269  -3.332374673227667  1.622873110022774
-2.120891815050619  0.4501720116604629  -3.164443598629325  1.733584541703548
-2.071469575327987  0.540970130676951  -2.986081287629417  1.831486215305198
-2.012165031483004  0.6475301088770702  -2.798574693551495  1.916507165238922
-1.941481857489538  0.7681454078075473  -2.603203424893321  1.988862009450406
-1.858127106765404  0.9004683094980288  -2.401212068878201  2.04903176951782
-1.761071574705444  1.041588602495512  -2.193784894359192  2.097735644301942
-1.64960121339928  1.188133238716567  -1.982023787837697  2.135894804031507
-1.52335767677173  1.336383346397752  -1.76693015482324  2.164589560221614
-1.38236646888655  1.482404350134255  -1.549391370779791  2.185011505754533
-1.227051618486705  1.622184469679582  -1.330172196887475  2.198412400100073
-1.058236292582355  1.751776562305881  -1.109911391973867  2.206051690443465
-0.8771292731809101  1.867438150275046  -0.8891235599539197  2.209144606215662
-0.6852977354369466  1.965764539826474  -0.6682060789744786  2.208812740497068
-0.4846272638343733  2.043810188668456  -0.4474507712405292  2.206038937884896
-0.2772705073291512  2.099193906113552  -0.2270597980398782  2.201628148118501
-0.06558628775056316  2.130184058131734  -0.007165109148142002  2.196175683910333
0.1479286768858971  2.135760677246671  0.2121493547455828  2.190044048104673
0.3607130038200401  2.115652217822479  0.4308236089382753  2.183349179467415
0.5702162211916307  2.070345620215084  0.6487966910324848  2.17595661963225
0.7739739921457508  2.001069318830266  0.8659818488132693  2.167487738653675
0.9696803045880661  1.909749813905274  1.082242846991995  2.157335786573748
1.15525405435175  1.798943388900624  1.297372348608572  2.144691176905159
1.328897653709009  1.671745459673347  1.51107325019647  2.128575068162998
1.489145587474971  1.531680855134019  1.722943740762251  2.107880003942338
1.634901204814835  1.38257902221241  1.93246671719858  2.081416111692435
1.765460462927478  1.228438695410395  2.139004027957658  2.047961154782166
1.880521813425008  1.073286953061391  2.341795838534162  2.006312589186485
1.980181926145594  0.9210377847409248  2.539965223054577  1.955339700378655
2.06491745994947  0.7753553097297773  2.732527892955291  1.894033890552705
2.135553596983111  0.6395266144824633  2.918406783415395  1.821555251325646
2.193220537472558  0.5163488239976967  3.096451037842991  1.737273690209279
2.239299588805677  0.40803450072664  3.265458766884365  1.640803075541874
2.275360859569831  0.3161387942250374  3.424202817119023  1.532027117068881
2.303094872593944  0.2415109696309847  3.571458670984358  1.411115998751209
2.324240629854067  0.1842720522502547  3.706033517696006  1.278533115742371
2.340512788377088  0.143819371561004  3.826795487987118  1.135031626583091
2.353530635432726  0.1188578056146676  3.932702035104874  0.9816409014200539
2.364751482296643  0.1074565519456029  4.022826471065884  0.8196433139829468
2.375410931235852  0.1071293192675112  4.09638172972666  0.6505421757735432
2.386472216137474  0.1149349794150435  4.152740524502142  0.4760219326472331
2.398586482666957  0.1275949723564409  4.19145119506617  0.2979020249742439
2.412065471223865  0.1416231458799793  4.212248689492829  0.118086042613861
2.426867609966056  0.1534632580236041  4.215060300513414  -0.06149202336150317
2.442598032445926  0.1596290909994576  4.200005960604758  -0.2389225251115555
2.458522522932484  0.1568420304325546  4.16739309372216  -0.412373955803237
2.473594880949496  0.1421610566286656  4.117706214618927  -0.5801438927983581
2.486496703612322  0.113100371902026  4.051591652828982  -0.7407052826570988
2.495688127983867  0.06773033959395963  3.969837950759616  -0.8927464342674974
2.499467672546193  0.004758019808067115  3.873352637681297  -1.035203315700323
2.496038981708202  -0.07641566816837887  3.763136208174841  -1.167283030692385
2.483582022270737  -0.1756642734802518  3.640254230200356  -1.288477671752154
2.460326115252049  -0.29213081754737  3.505808570885205  -1.398568097046428
2.424622116477579  -0.4242496865135591  3.360908755115646  -1.497617544694094
2.375011087412375  -0.5697946431189105  3.206644462096077  -1.585955367498556
2.310286922838678  -0.7259512353021366  3.044060118593533  -1.664151530024842
2.229550619591639  -0.8894109881596637  2.874132466328061  -1.732982845187584
2.132254172726402  -1.056483970520022  2.697751867885126  -1.793392226942081
2.0182324611799  -1.223225656339053  2.515707974757861  -1.846442488351546
1.887721920509828  -1.385573478849324  2.328680217826819  -1.893266411034969
1.741365279759439  -1.539488120942947  2.137233400725434  -1.935014945619576
1.580202145426433  -1.681094411545132  1.941818486696093  -1.972805468470633
1.405645729459916  -1.806816711067776  1.742778476652169  -2.007672015270186
1.219446521433026  -1.913503868916697  1.540359087273223  -2.040519337152907
1.023644179194624  -1.998539215157713  1.334723759973437  -2.072082482828367
0.8205093401074546  -2.05993159298371  1.125972370997985  -2.102893405630704
0.6124774208402204  -2.096384128694284  0.9141628755825693  -2.13325583521322
0.4020767642652794  -2.107338246322943  0.6993350100719553  -2.163229349117445
0.1918536967368045  -2.092991335258977  0.4815350991149766  -2.192623240814033
-0.01570282956716382  -2.054287438338783  0.2608409733392749  -2.221000420401472
-0.2182343205109303  -1.992881309942895  0.03738599778160601  -2.247691215115977
-0.4135809451664042  -1.91107716281595  -0.1886187570039256  -2.271816572623375
-0.5998424359798946  -1.81174434328685  -0.4168651019721075  -2.292319824024101
-0.7754295245215007  -1.698213013727738  -0.6469318751311004  -2.308005848235611
-0.9391040987993873  -1.574153647862491  -0.8782733160625289  -2.317586206428532
-1.090006679438803  -1.443444732430206  -1.110212185192639  -2.319728594446717
-1.227670274251176  -1.310033496306835  -1.341937969798205  -2.313108800693172
-1.352020166989208  -1.177794739917567  -1.572510332172389  -2.296463262669861
-1.463359708297621  -1.050392904478891  -1.800867762859668  -2.268640290662034
-1.562342686345272  -0.9311523998868532  -2.02584121042203  -2.228648072860693
-1.649933342784612  -0.8229409063472314  -2.246172275808887  -2.175697690852028
-1.727355548730885  -0.728069889228862  -2.460535390764884  -2.109239553691632
-1.796033049017213  -0.6482159364854039  -2.6675632519798  -2.028991896187532
-1.85752300672013  -0.5843657663399109  -2.865874661257123  -1.934960273883908
-1.913445322069366  -0.5367868875608274  -3.054103831288238  -1.827447313107752
-1.965410351540723  -0.5050249571572778  -3.230930159981995  -1.707052327432757
-2.014947708666771  -0.4879279048927857  -3.395107455788018  -1.574660779159551
-2.063438785872335  -0.483695916246187  -3.545491612822655  -1.431423932520884
-2.11205549800993  -0.4899554210040442  -3.681065787270613  -1.27872940087644
-2.161707518310223  -0.5038543579981496  -3.800962213581975  -1.118163620204836
-2.212999964581121  -0.522175209576542  -3.904479917249065  -0.9514675737023121
-2.266203109116862  -0.5414616505467899  -3.991097726128602  -0.7804873366005738
-2.321235243952982  -0.5581541592113075  -4.060482149089259  -0.6071211975208619
-2.377659349955687  -0.5687296108443161  -4.112489873142612  -0.4332652359713837
-2.434693711402518  -0.569839728459656  -4.147164821519628  -0.2607592904856091
-2.491236105694571  -0.5584433072775131  -4.164729908423932  -0.09133523639936314
-2.545900699325924  -0.5319273563822033  -4.165573814395368  0.07343059304828436
-2.597066314415718  -0.4882127053715411  -4.150233282506765  0.2321591606093624
-2.642934312017374  -0.4258401905666748  -4.119371593583037  0.3837031853770242
-2.681593984313281  -0.3440342438911294  -4.073754012533497  0.527173107548158
-2.711093070602382  -0.2427415319816995  -4.01422110286282  0.6619536656801143
-2.729510821806418  -0.1226432033790411  -3.94166087866645  0.7877105369594384
-2.735030941997255  0.01485973544804409  -3.856980800309595  0.9043868532555646
-2.726011736694058  0.167687414089923  -3.761080620212112  1.012189774592284
-2.701050896350967  0.3331469989060253  -3.65482704872871  1.111567663681776
-2.659042535955688  0.5080211283916376  -3.539031138376106  1.203178747129238
-2.599224390967596  0.6886756888585499  -3.414429180254203  1.28785245836314
-2.521213425755192  0.8711830302919554  -3.281667773266374  1.366544922997306
-2.425028530268354  1.051456158666411  -3.141293569544538  1.440290259505987
-2.311099448601513  1.225389040181708  -2.993748024081031  1.510149519063546
-2.180261582308726  1.388997929419746  -2.839367289377093  1.577159172671786
-2.033736823620184  1.538558595460258  -2.678387203781782  1.642281068209603
-1.873101080405781  1.670734468894857  -2.510953132138805  1.70635572427603
-1.700239637364624  1.782691062998061  -2.337134236328434  1.770060703707133
-1.517291938898473  1.872192521987877  -2.156941587903019  1.833875621966561
-1.326587762381613  1.937676800098807  -1.970349391311337  1.898055101098599
-1.130577062105545  1.978306753349201  -1.777318469440328  1.962610687523809
-0.9317559927061246  1.993995303022477  -1.577821077640303  2.027302422329325
-0.7325917580543029  1.985403774000954  -1.37186606116925  2.091640397894094
-0.5354489724229052  1.953913487755702  -1.159523355968248  2.15489626764679
-0.3425201637581945  1.901571663386743  -0.9409468544158244  2.216124309878665
-0.1557628961805979  1.831013615122154  -0.7163947154157517  2.274191295179533
0.02315425400130494  1.745364097030227  -0.4862462897482989  2.32781408305565
0.1928949585847199  1.648121403938292  -0.2510149537216567  2.375603588448348
0.3524861174327087  1.543028464048241  -0.01135629234604174  2.416113523596923
0.5013354900637059  1.433935630663424  0.2319287578859528  2.447892143564774
0.6392353981371361  1.324660180606092  0.4778960131511688  2.469535111238698
0.7663524263245692  1.218847644386972  0.7254654087115296  2.479737553824735
0.8832035596589625  1.119840023731282  0.9734334508638286  2.477343409400293
0.9906196898148075  1.030555698229428  1.220490391783555  2.461390257976668
1.089697882861429  0.9533853939514664  1.465241591644754  2.431147993284081
1.181744210074945  0.8901079985127077  1.70623237866269  2.386149913216681
1.268209286480489  0.8418292807870947  1.941975588822302  2.326215080484558
1.350618926422267  0.8089457357472692  2.170980867725766  2.251461120539112
1.430502501985544  0.7911348563385994  2.391784750842361  2.162306969764896
1.509321672097504  0.7873721683874544  2.602980507888995  2.059465450654895
1.588402134637729  0.7959743865428335  2.803246743228482  1.943925918949126
1.668870941475451  0.8146670948332875  2.99137378682504  1.816927587095574
1.751601711136854  0.8406744594018021  3.166286987892473  1.679924465790615
1.837169783293528  0.8708276760398153  3.327066133086691  1.534543168478469
1.925818994065402  0.9016881706319836  3.472960348936832  1.382535081492428
2.017441324584269  0.9296810315038286  3.603398009159908  1.225724605614869
2.111570202940256  0.9512337785872982  3.717991345702831  1.065955315824558
2.20738773877427  0.9629153789148204  3.816535651315268  0.905035959760268
2.303745658665286  0.9615704083323274  3.899003154298449  0.7446882192829443
2.399199207745109  0.9444434358204714  3.965531835780086  0.5864980933381515
2.492052807000035  0.9092890629766552  4.016409639530806  0.4318726265333013
2.580415823856512  0.8544635740318082  4.052054687427557  0.2820035113425592
2.662266441653962  0.7789948221708579  4.072992254254405  0.1378388398147343
2.735521315054825  0.6826277714296728  4.079829368503269  6.398228856790977e-05
2.79810848422216  0.5658440011010966  4.073227987096407  -0.1309077631933768
2.848040898524549  0.4298544290144803  4.053877738556747  -0.2549344641547248
2.883487875060614  0.2765654866228491  4.022469239423309  -0.3721348703276098
2.902841889361454  0.108519946919191  3.979668962294893  -0.4828681984944317
2.904778262601678  -0.07118546949915783  3.926096571771685  -0.5877051780458966
2.888305565440225  -0.2590027380982695  3.862305549039336  -0.6873914683331694
2.852804893893675  -0.4510517132606932  3.78876780040973  -0.7828048367088898
2.798056575192042  -0.6432515366449705  3.705862794393502  -0.874907713097329
2.72425331670261  -0.8314595115198875  3.613871601350504  -0.9646969047379108
2.631999302137111  -1.011612411213808  3.512976025685676  -1.053152357297126
2.522295248476485  -1.179865100931728  3.403262829662568  -1.141186882111218
2.396509945792229  -1.332721449969307  3.284732857175712  -1.229598732692651
2.256339291869985  -1.467152792209908  3.157314682229984  -1.319028808155039
2.10375428640085  -1.580699646466866  3.020882237132004  -1.409924090743204
1.940939848996489  -1.671553018166206  2.875275725711407  -1.502508695427187
1.770226656851146  -1.738612347795362  2.720325002731324  -1.596763629904087
1.59401844944125  -1.781518022327116  2.555874506558533  -1.692416043559877
1.414717410064432  -1.80065729242706  2.381808771587164  -1.788938395649562
1.23465030136963  -1.797143406867983  2.198077522065131  -1.885557608872122
1.055998001881203  -1.772768750877874  2.004719360774776  -1.981273907934951
0.8807309639909352  -1.729933721572112  1.801883114046322  -2.074888686999922
0.7105528956155097  -1.671553956654857  1.589845977090291  -2.165040418060378
0.5468546656717246  -1.600949320025542  1.369027717620447  -2.250247316425072
0.3906800587393288  -1.521718711089713  1.140000337050929  -2.328955230377819
0.2427045704451479  -1.437605279281711  0.9034927520414707  -2.399589028830549
0.1032279580468944  -1.352356972809707  0.660390238875359  -2.460605630444715
-0.02781924217042855  -1.26958751828202  0.411728572536351  -2.5105467550186
-0.1508555294007871  -1.192642909579394  0.1586829845004132  -2.548089485215069
-0.2666153826150675  -1.12447828079562  -0.09744774882799379  -2.572092803672847
-0.3761046023516552  -1.067549656729754  -0.3552615982770677  -2.581638414400305
-0.480545741016782  -1.023724529212358  -0.6132773066111926  -2.576064362850386
-0.5813156740968392  -0.9942145183959794  -0.8699613617626528  -2.554990228727607
-0.6798776509645886  -0.9795325701948525  -1.123757026912029  -2.518332969917444
-0.7777103647028805  -0.9794762438088501  -1.373114460290749  -2.466312833860779
-0.8762366882620712  -0.9931376894544363  -1.616520917100546  -2.399449111902897
-0.9767547353877913  -1.018939940852263  -1.852530021909568  -2.31854587953497
-1.080373818711681  -1.054698185278589  -2.079789132440676  -2.224668227625829
-1.187957697341472  -1.097703761158761  -2.297063883627556  -2.119109833514421
-1.30007723879983  -1.144827802560516  -2.503259101702175  -2.003353033672469
-1.416974275013985  -1.192640731825538  -2.697435408216391  -1.879022830155755
-1.538538021852772  -1.237543222145504  -2.878820988549566  -1.747836481389287
-1.664294971418672  -1.275903832268332  -3.04681817297847  -1.611550486028572
-1.793412672730078  -1.304198271004671  -3.201004664464568  -1.471906860952127
-1.924717307585934  -1.319145188698641  -3.34112943916945  -1.330580637518333
-2.056724462859668  -1.317833518522381  -3.467103536355229  -1.189130453237112
-2.187682016668386  -1.297836697751511  -3.578986136822344  -1.048954000692905
-2.3156236114587  -1.257309576854933  -3.676966496740374  -0.9112499161310669
-2.438430798255902  -1.195064454851211  -3.761342450537193  -0.7769874531432189
-2.553901617322459  -1.110623439931933  -3.832496317090393  -0.646885001014622
-2.659823142902353  -1.004245197080344  -3.890869133432835  -0.5213981829661999
-2.754045372255881  -0.8769250778471616  -3.936934196279155  -0.4007179185746109
-2.834553787194863  -0.7303685975353691  -3.971170911876379  -0.2847784698937703
-2.89953796170768  -0.5669391964086848  -3.994039938263622  -0.1732751255403068
-2.947453730362818  -0.3895821587482808  -4.005960551613351  -0.06569082456962018
-2.977076663853279  -0.2017274324622162  -4.00729108185309  0.03866930478529219
-2.987544911844456  -0.007174860820627238  -3.998313145407436  0.1406368055957553
-2.978389857772458  0.1900340212836012  -3.979220258957782  0.2411337070362226
-2.949553471389481  0.3857529847219814  -3.950111252862525  0.3411230326791512
-2.901391726583484  0.5758719351450968  -3.910988722361905  0.4415578619100341
-2.834663956748738  0.7564564723039718  -3.861762565513136  0.5433308565073579
-2.750508529351686  0.9238811250109312  -3.802258465882613  0.6472261469247531
-2.650405716756443  1.074951437959182  -3.732230992344468  0.7538753860243149
-2.536129103790248  1.207010493299371  -3.651380814688774  0.8637196251158048
-2.409687287054642  1.318026017492363  -3.559375378478004  0.9769784537423697
-2.273257971521006  1.406654931801883  -3.455872251386025  1.093627578513023
-2.129116843723132  1.472283027028233  -3.34054425090985  1.213385707131765
-1.979563787908857  1.515038349715653  -3.213105393607424  1.3357112628974
-1.826849105035903  1.5357778450175  -3.073336671441388  1.459809094787884
-1.673102391103589  1.536047775733652  -2.9211106626722  1.58464698194186
-1.520266631146852  1.518019392208804  -2.756414022987872  1.708981372274692
-1.370039871955771  1.484402228966934  -2.579366975797876  1.831391456218693
-1.223826557291059  1.438338218297624  -2.390239026194671  1.950320370517374
-1.082700254248882  1.383280508817184  -2.189460257157119  2.064122064797825
-0.9473790814557308  1.322861432868563  -1.977627724255459  2.171112154860381
-0.8182146842055404  1.2607544602466  -1.755506640675754  2.269620938877748
-0.6951951054799941  1.200535192806407  -1.524026231418734  2.358046671377441
-0.5779613931259855  1.145546487140587  -1.284270327231058  2.43490717795938
-0.4658372808616409  1.098772639532068  -1.037462958213064  2.498887951611229
-0.3578708025804199  1.06272723440993  -0.7849493872171973  2.548884997117369
-0.2528862630652502  1.039358756726805  -0.5281731875427278  2.584040878833422
-0.1495446096262935  1.029977418329434  -0.2686501120573493  2.603772672135057
-0.04640994214258286  1.035205872252013  -0.007939616540655947  2.607790811214192
0.0579803252871712  1.054955615254142  0.2523850154629266  2.596108154929702
0.1650442712228058  1.088429939732258  0.5107669487484054  2.569038946128978
0.2760858999853263  1.134153325624767  0.7656954618059424  2.527187705348462
0.3922297990900726  1.19002619651467  1.015734012135065  2.471428463754453
0.5143624645650413  1.253403037063961  1.259545770400745  2.40287508933659
0.6430824938431595  1.321191015007193  1.495915784129847  2.32284378199338
0.7786615216429453  1.389965501330953  1.72376905374992  2.232809095534944
0.9210173814072404  1.456098264307174  1.942183951710512  2.134355077488433
1.069700527793097  1.51589364926245  2.150400583805642  2.029123292449129
1.223894270713078  1.565727763258358  2.347823874496628  1.918759605214323
1.382428866216622  1.602185572892876  2.534021348358817  1.804861642054857
1.543809002503286  1.622190898244156  2.708715770808731  1.688928820702014
1.706253729074978  1.623124543822386  2.871772996050329  1.572316742985799
1.867747421347992  1.602926238855024  3.023185541980838  1.456197582096253
2.026099968580957  1.560176648555395  3.163052564363426  1.341527875075938
2.179014034485248  1.494156443708574  3.291557030354354  1.229024858478035
2.324156979716296  1.404880251474105  3.40894098982035  1.119152171099866
2.45923486308639  1.293104225269991  3.515479908226546  1.012115403791855
2.582065860077547  1.16030693259128  3.611457054850276  0.9078676151011099
2.690650455920227  1.008644231578727  3.697138933606106  0.8061245661213758
2.783235885457679  0.8408797546412586  3.77275270110739  0.7063890717206973
2.858372499043227  0.6602935058991719  3.838466439315031  0.6079835313013647
2.914960025268515  0.4705718762583186  3.894373041072908  0.5100894025991639
2.952282066762336  0.2756830564917452  3.940478329999413  0.4117921276806665
2.970027591306565  0.07974236013405439  3.976693876606096  0.3121298205244224
2.968298651554928  -0.11312766507922  4.002834795988642  0.2101438876584242
2.947604065538356  -0.2989372694324375  4.018622625440193  0.1049296822984895
2.908839298710026  -0.4739646049925696  4.023693189711911  -0.004314709124047633
2.853253287985766  -0.6348810093470816  4.017609174361852  -0.1182433811907675
2.782403420858764  -0.7788619365704812  3.999876950539536  -0.2373229226228991
2.698100310988576  -0.9036795266546757  3.969967034126517  -0.361799629338956
2.602344380078323  -1.007773474651963  3.927337424260712  -0.4916748664560132
2.497256550942176  -1.09029765237221  3.8714589559595  -0.6266895305158313
2.385005567685254  -1.151140819763229  3.801841722862521  -0.7663182306393256
2.267734578194644  -1.19092070782408  3.718061581924514  -0.9097734520248166
2.147489637344894  -1.210951725593185  3.619785743827417  -1.056019600170548
2.026152715629972  -1.213187505012006  3.506796481257046  -1.203796462738222
1.905381630056195  -1.20014041423409  3.379012050981376  -1.351651281268809
1.786559058211444  -1.174781008799093  3.236504022561042  -1.497978309589491
1.670752461819875  -1.140421120438291  3.079510332997143  -1.641064461215633
1.558686345021504  -1.100584878499885  2.908443538076489  -1.779139424368062
1.450727819728171  -1.058872397388265  2.72389390209872  -1.910428458552616
1.346885962235069  -1.018821129033054  2.5266271518418  -2.033205986991873
1.246824939628497  -0.9837699625767541  2.317576911337572  -2.145848068192981
1.149890379878663  -0.956731051185658  2.097832024343998  -2.246881868711197
1.055147974255479  -0.9402740619036142  1.868619154386806  -2.335030366312198
0.9614328525596143  -0.936427089165488  1.631281221238998  -2.409250684340364
0.8674078769688294  -0.9465978625976531  1.38725238156076  -2.468764687907733
0.7716286734571807  -0.9715181373276485  1.138030384717912  -2.513080752150139
0.6726129726714599  -1.011213307302794  0.8851472280490649  -2.542005932058076
0.5689116738533391  -1.064998360014966  0.6301390956704951  -2.555648110640985
0.4591789816455631  -1.131500328192477  0.3745165891224151  -2.554408064766624
0.3422389987349924  -1.208706425578739  0.1197362458977975  -2.538961752715855
0.21714628604928  -1.294036115200518  -0.1328257063884125  -2.510233481016236
0.08323812193322755  -1.384434483777534  -0.3818964949668783  -2.469360937582849
-0.05982350563605734  -1.476483517044634  -0.6263260945650284  -2.417653371598627
-0.2120217652249512  -1.566527216152454  -0.8651020571378206  -2.356544447222545
-0.3729678652174753  -1.650805988851032  -1.097359430861999  -2.287541489141946
-0.541897637750933  -1.725595409306375  -1.322385499364589  -2.212172966238373
-0.7176820066452464  -1.7873442795366  -1.53961926042087  -2.131936120554389
-0.8988510155899704  -1.832806949436562  -1.748645754233927  -2.048246640128334
-1.083630597444643  -1.859165060299742  -1.949185537938426  -1.962392196437443
-1.269990799830386  -1.864134261046065  -2.141079778357011  -1.875491523013968
-1.455703763228517  -1.846051992995053  -2.32427159288878  -1.788460506549993
-1.638409390835284  -1.803943128036836  -2.498784402976552  -1.701986502987447
-1.815686367468503  -1.737561051309509  -2.664698170985432  -1.616511788156041
-1.985125988162773  -1.647402673577029  -2.822124465660644  -1.532226716536838
-2.144406152894766  -1.534696807803706  -2.971181340919678  -1.449072804960238
-2.291362875945641  -1.40136631431543  -3.111969016142718  -1.366755593517956
-2.4240567470202  -1.2499653740525  -3.244547313246994  -1.284766776984004
-2.540831963167319  -1.083594154925443  -3.368915737880439  -1.202414759700559
-2.640365819146257  -0.9057939591676368  -3.4849969915428  -1.118862477609788
-2.721706889361545  -0.7204266498378246  -3.592624572022056  -1.033171064186283
-2.784300544245566  -0.5315427263733636  -3.691534965958323  -0.944347722184425
-2.828000903060472  -0.3432428314974022  -3.781364765235567  -0.8513960081973277
-2.853068816780091  -0.159537709819959  -3.861652854548308  -0.7533666476783446
-2.86015598107168  0.01578830651513716  -3.931847627637658  -0.6494069775593789
-2.850275781967633  0.1793053397815033  -3.991319001280087  -0.5388071626576947
-2.824761957280169  0.3280529011032689  -4.039374816032221  -0.4210414489018617
-2.785216597657402  0.4596375613991511  -4.075281047570313  -0.2958028967624587
-2.733449396344455  0.5723098334219375  -4.098285108253967  -0.1630302755620578
-2.671410372168067  0.6650174984261786  -4.107641400565795  -0.02292608490324005
-2.601118524521855  0.7374334706421476  -4.102638196650242  0.1240350071260325
-2.524589023668745  0.7899572217106228  -4.082624864499744  0.2771076698326683
-2.443761589247512  0.8236897516503441  -4.047038443387009  0.4352873579613747
-2.360432662686487  0.840383057609161  -3.995428589587892  0.5973313371167153
-2.27619383703298  0.8423659814067325  -3.927479967621632  0.7617885720808812
-2.192378775710682  0.8324491778049889  -3.843031250192379  0.9270374397592377
-2.110020538402678  0.813812706150755  -3.742090008554372  1.091329942425105
-2.029820849072948  0.7898803807905104  -3.624842919833816  1.252840859030584
-1.952132402079527  0.7641854973980208  -3.49166088365666  1.409720091276595
-1.876954823429271  0.7402328655302036  -3.343098821220094  1.560146343494626
-1.803944402959734  0.721362210934206  -3.179890119128005  1.702380225473113
-1.732437207903991  0.7106179595339484  -3.002935871002276  1.834814886981285
-1.661484697341037  0.7106301805331658  -2.81328925514323  1.956022381184937
-1.589900498372529  0.7235110572610468  -2.612135559602501  2.06479410818485
-1.516316595231102  0.7507706861900217  -2.40076852065302  2.160173903920659
-1.439246836860465  0.7932552977191687  -2.180563771170133  2.241482605865719
-1.357155399422195  0.8511101726417294  -1.952950297130037  2.308333235585407
-1.268527657492519  0.9237686256150648  -1.719380869593448  2.360636278088237
-1.171940828075933  1.009967474361198  -1.481302453666198  2.398594896575728
-1.066131758247266  1.107788445500988  -1.240127593784377  2.422690285617803
-0.9500593299918502  1.214724020172098  -0.9972077363515969  2.43365772266261
-0.8229591508921485  1.327765329471681  -0.753809377670619  2.432454214126965
-0.6843884795884982  1.443508903873771  -0.5110938199381393  2.420218935850698
-0.5342596901940662  1.558278391489064  -0.2701011846566507  2.398227927378032
-0.3728609971082537  1.668256812495094  -0.03173917603584944  2.367844705895341
-0.200863625726129  1.769624531229344  0.2032230874660892  2.330468611196821
-0.01931510845598997  1.858697917368477  0.4341560410064824  2.287482772476668
0.1703811087831258  1.932063640962894  0.6605654983643189  2.240203598179312
0.3664990652540102  1.986703703816483  0.8820835795748081  2.189833631216005
0.567035530601991  2.02010664603084  1.098455165136905  2.137419485744064
0.769765505634653  2.030360869192001  1.309520463398684  2.083816393022293
0.9723060133707739  2.01622666832107  1.515194418658122  2.029660639502039
1.172185912184605  1.977184339598024  1.715443801586692  1.975350889217037
1.366919242565078  1.913456601731139  1.910262906636449  1.921039055329671
1.554079489289724  1.826004503916348  2.099648830106792  1.86663103432504
1.731372106405167  1.716496958506238  2.283577315746809  1.811797253645562
1.896702714558892  1.587254996587789  2.461980131682134  1.755992622767815
2.048238536668186  1.441172764641519  2.634724883935603  1.698485132008572
2.184460882931266  1.281618126778851  2.801598080005562  1.638392025325687
2.304206820842562  1.112316478875607  2.962292134236334  1.574722194656905
2.406698558326056  0.937221991198378  3.116396859515759  1.506423214086251
2.491559514033608  0.760380952618664  3.263395822547954  1.432431260707902
2.558816532006996  0.585792175599392  3.402667758691491  1.351722061725333
2.608888200655584  0.4172695264091159  3.533493053749581  1.263360967994316
2.642559740026098  0.2583115656558975  3.655065111043278  1.166550284326189
2.660945408263025  0.1119830231549872  3.766506239501033  1.060672085313663
2.665439830230185  -0.01918760210168313  3.866887529032516  0.9453249086333315
2.657660052011667  -0.1332906156960235  3.955252029316715  0.8203529397634097
2.63938045983369  -0.2290948984850768  4.030640422813955  0.6858665747343702
2.612462958654172  -0.3060827302726208  4.09211828689362  0.5422535609574805
2.578784974911166  -0.3644584332504756  4.138803976966299  0.3901802589197753
2.540167923553049  -0.4051305575501626  4.16989613473264  0.2305829270929128
2.498308758756159  -0.4296682966900389  4.184699834138592  0.06464929566445546
2.454717111447439  -0.4402337608356084  4.182650422062733  -0.1062089515840843
2.410660309154754  -0.4394926163237516  4.163334189549706  -0.2803918366560575
2.367118282399422  -0.430506388725436  4.126505119685515  -0.4561536406297841
2.324749997470648  -0.4166103950752606  4.07209709597809  -0.6316508521072821
2.283872631289876  -0.4012817944166052  4.000231115350997  -0.8049938151688567
2.24445423567264  -0.3880026054204706  3.911217226750598  -0.9743002459641982
2.206120142727208  -0.3801227224374165  3.805551103472212  -1.13774871846413
2.16817285848294  -0.3807279602962731  3.683905347821412  -1.29363022039789
2.129624696535371  -0.3925179735307885  3.547115813711614  -1.440395949985799
2.089241935605592  -0.4176985342526523  3.396163409456562  -1.576699660204221
2.045598861511888  -0.4578921278021678  3.232152002921211  -1.70143305502063
1.99713969059074  -0.5140701557687861  3.056283188533305  -1.813752994098472
1.942246081342606  -0.5865092464221567  2.869828785440133  -1.913099559700063
1.879307734604484  -0.6747732918445664  2.674102014335185  -1.999204371070995
1.80679346739742  -0.7777218912453481  2.470428344342637  -2.072088885381099
1.723320125962308  -0.8935449153556628  2.260117009252157  -2.132052787425383
1.627716780096276  -1.019821952636643  2.044434164071848  -2.17965292951542
1.519081810938672  -1.153604489090407  1.824578589363242  -2.215673625223448
1.396830761626335  -1.291517842894116  1.601660754471463  -2.24108941340574
1.260733155356691  -1.429879153172369  1.376685925095082  -2.25702168083298
1.110936886140029  -1.564827135306703  1.150541850251035  -2.264690752889752
0.9479792392716816  -1.692458884650591  0.9239913940777688  -2.265365224122332
0.7727840848343508  -1.808968752065859  0.6976702952814171  -2.260310398009478
0.5866452906155755  -1.910784237736012  0.4720900480358913  -2.250737734662352
0.3911969023493128  -1.994693957037015  0.2476457096987089  -2.237757165174812
0.1883711208755779  -2.057963019928865  0.02462825967917034  -2.222334023520351
-0.01965444990514517  -2.098431622865944  -0.1967590331996175  -2.20525217517765
-0.2305184197233196  -2.114593262911496  -0.4163809243755248  -2.18708469234359
-0.441743905877383  -2.105649725298117  -0.6341479991817175  -2.168173147041733
-0.6508110737837787  -2.071540841047831  -0.8499928728490784  -2.148616275831622
-0.8552313387458281  -2.012947929614634  -1.063845745531117  -2.128268424768706
-1.052620582891918  -1.931270799343471  -1.275610295891535  -2.106747823355278
-1.240768776887411  -1.828579140920262  -1.485140883491396  -2.083454374598946
-1.417703526678807  -1.707540080823486  -1.692221981212658  -2.057596298157162
-1.581745286409802  -1.571324529102467  -1.896550676052816  -2.028224637674045
-1.731552281694134  -1.423495726981303  -2.09772296285391  -1.99427435370247
-1.866153561581496  -1.267884046710713  -2.295224415047238  -1.954610480623066
-1.984969029160668  -1.108452595187934  -2.488425654436564  -1.908077638589438
-2.087815774065366  -0.9491585059563741  -2.676582864328561  -1.853551066583684
-2.174900527921007  -0.7938149591576744  -2.858843403442176  -1.789987284717669
-2.246798567843209  -0.6459589402128435  -3.03425638881541  -1.716472505079049
-2.304419885092855  -0.5087295365325943  -3.201787931290976  -1.632266990290476
-2.348963897972419  -0.3847611851386634  -3.36034053384674  -1.536843704613654
-2.381864403175801  -0.2760957368361194  -3.508776007375488  -1.429919808574879
-2.404726812952061  -0.1841165144936632  -3.645941126200021  -1.311479807197479
-2.419260003747916  -0.1095067391812606  -3.770695141471411  -1.181789464550038
-2.427205295321934  -0.0522338077164752  -3.881938198450236  -1.04139993242152
-2.43026518064329  -0.01155996106422059  -3.978639666155963  -0.8911418962959068
-2.430034432524816  0.01392108053670998  -4.059865386368784  -0.7321099044617071
-2.427936122709736  0.02622288773335004  -4.124802883548235  -0.5656374028327206
-2.425164906346494  0.02788276714549432  -4.172783646645554  -0.3932633358691934
-2.422639656134764  0.02185896565431521  -4.203301695513809  -0.2166914805580289
-2.420967185727713  0.01141242010098839  -4.216027774965014  -0.03774394456208333
-2.42041839382319  -2.259775297782339e-05  -4.210818673747593  0.141689528245255
-2.42091770367515  -0.008974186342969879  -4.187721338211111  0.3197046493114518
-2.422046184181113  -0.01206988360858784  -4.146971634913228  0.4944361914425458
-2.423058236087105  -0.006170065374076739  -4.088987806194488  0.6641102082639538
-2.422911228543977  0.01150722777184414  -4.014358850896496  0.8270930166527209
-2.420306995434673  0.04327462228218858  -3.923828242084275  0.9819352096226036
-2.413743664934839  0.09088100854675171  -3.81827355831999  1.127409148070196
-2.401575915577527  0.1554378786569832  -3.698682748735965  1.262538617106821
-2.382081441538945  0.237369123379393  -3.566127869649232  1.38661961774763
-2.353531180277199  0.3363861500555618  -3.421737217482979  1.499231587107587
-2.314260715415915  0.4514892586046249  -3.266666836159034  1.600238688205077
-2.262740221985848  0.580995254071359  -3.102072394973078  1.689781171308424
-2.197640371490343  0.7225903162144471  -2.929082414630172  1.768257169321257
-2.117891758908279  0.8734062244077626  -2.748773765291198  1.836295636843993
-2.022735647414968  1.030117183268684  -2.562150273143623  1.894721463616951
-1.911764140764961  1.189053742034374  -2.370125154366676  1.944514076344495
-1.784948276482841  1.346329676215084  -2.173507851719937  1.986761078097874
-1.642652971273635  1.497977226230719  -1.972995684600944  2.02260865303112
-1.485638227411032  1.640085781853375  -1.769170544302329  2.053210579521923
-1.315046507882407  1.768938974477701  -1.562500678898625  2.079677742874845
-1.132376690568997  1.881145196133579  -1.353347423550792  2.103030017661908
-0.9394454993960893  1.9737568026523  -1.14197654892328  2.124152300410364
-0.7383377654233698  2.044373669785685  -0.9285737295509011  2.143756318955634
-0.5313472766722186  2.091227340340124  -0.7132634816095618  2.162349631006775
-0.320910317313333  2.113242706750831  -0.4961307911993087  2.180212959135887
-0.1095342622085047  2.110074991214008  -0.277244554625021  2.197386702194802
0.1002762279522546  2.082120684687114  -0.05668188489528833  2.213667125302152
0.3060927790780513  2.030502053961642  0.1654476937923954  2.228612374367952
0.5056340210242712  1.957025788037948  0.3889791382688845  2.241558099634756
0.6968309318575958  1.864117296105311  0.6136708005942042  2.251642119110001
0.8778844872988166  1.754733055238202  0.8391862256910204  2.257837219950351
1.047313574316151  1.632254204166916  1.065079588299976  2.258990895982812
1.203991482758303  1.500365261069545  1.290785391713035  2.253870563553777
1.347169705085207  1.362922383423165  1.515612894306559  2.241212595128579
1.476488236491629  1.223815966868864  1.738745556171359  2.219773367921084
1.591972059163183  1.086832583992488  1.959245613464893  2.188380448503434
1.694013997131619  0.9555212854880319  2.176063699232976  2.145982026617438
1.783344623873422  0.8330691245939882  2.388053243260691  2.091692772565716
1.860990375349619  0.7221904268942584  2.593989206812331  2.024834420374376
1.928221449460904  0.625033823937613  2.792590547360209  1.94496956873026
1.986491443281064  0.5431104190464011  2.982545669452939  1.851927436584266
2.037370978437016  0.477245680888946  3.162540005810917  1.745820601349034
2.082477781735149  0.4275567930861419  3.331284791655541  1.627052074193049
2.123405814703152  0.3934562579602244  3.487546048145059  1.49631241713716
2.161656077525915  0.3736815934503849  3.630172779331703  1.354566967726016
2.198571648762745  0.3663500092045189  3.758123411699563  1.203033595812902
2.235279364598303  0.369036035672131  3.870489565201734  1.043151760384032
2.272640295971  0.3788692419400584  3.966516337616335  0.8765439498411149
2.31121085771065  0.3926484446333551  4.04561840660757  0.7049708652611696
2.351215992646194  0.4069682081903757  4.107391401652431  0.5302819327995599
2.392535429799635  0.4183529881597302  4.151618165599921  0.3543629003398835
2.434703535469465  0.4233939902072618  4.178269706969545  0.1790823785716543
2.476922776759446  0.4188837184217373  4.18750083257115  0.006239224071872412
2.518090317149702  0.4019432708651852  4.17964063878167  -0.1624873696737932
2.556836781283394  0.3701377050324245  4.155178221979554  -0.3255833068862866
2.591575778859349  0.3215752312905769  4.114744137589431  -0.481738947065424
2.620562381700884  0.2549865825646769  4.059088286785631  -0.6298810048361634
2.641958418156853  0.1697816319770746  3.989055034707824  -0.7691958835306577
2.65390219702055  0.06608116043537698  3.905556459524588  -0.8991436463294129
2.654580108319223  -0.05527741699901496  3.809544694380254  -1.019462169966724
2.642297476645953  -0.1927606068264993  3.701984351912104  -1.130161383561944
2.615546066792719  -0.3441849566710098  3.583826012642368  -1.23150785602802
2.573065760421342  -0.5067870875316701  3.455981714460211  -1.3240003465716
2.513898132039397  -0.6773151148598442  3.319303302242697  -1.408337261234774
2.437429944990348  -0.8521381539248105  3.174564387292599  -1.485377252264395
2.343424952856874  -1.027369944761219  3.022446529704371  -1.556094445622073
2.23204281531522  -1.199002116391911  2.86353009800807  -1.621529976111642
2.103844404619035  -1.363042257783732  2.698290085293395  -1.682741642330951
1.959783272500905  -1.515651786954639  2.527096975887686  -1.740753560122971
1.801183549362053  -1.653278616213293  2.350222568320649  -1.796507690996859
1.629705039871331  -1.772779800422586  2.167850475638634  -1.850819051207895
1.447296743569783  -1.871529719530763  1.980090849880806  -1.904336270422612
1.256140448847176  -1.947509873105092  1.786998720065472  -1.95750897115544
1.058586408424498  -1.999377034018046  1.588595198110178  -2.010563188672886
0.8570833911334357  -2.026507296349433  1.38489069965357  -2.063485755007995
0.654105607889757  -2.029014430234982  1.175909250686613  -2.116018240923464
0.4520791219196018  -2.007741891797973  0.961712909015397  -2.167660698148402
0.253310370440501  -1.9642287953284  0.7424253233994695  -2.217685083824211
0.05991934651234765  -1.900651102549439  0.5182534829670029  -2.265157892984697
-0.126220181465166  -1.819740185576919  0.2895067741179991  -2.308971186062635
-0.3035312928638277  -1.724681743156043  0.05661255923390077  -2.347880889226075
-0.4707735956142909  -1.618998763949837  -0.1798723824248504  -2.380550977087273
-0.6270705794076199  -1.506422810026145  -0.4192550608306687  -2.405601929785398
-0.7719237059925628  -1.390758317134925  -0.6607044682154667  -2.421661697560906
-0.9052127850496067  -1.275744860465149  -0.9032549169303717  -2.427417311513756
-1.027182684129144  -1.164922406151979  -1.145814492013835  -2.42166525271733
-1.138416919116492  -1.061504457286369  -1.387178401105051  -2.403358734215455
-1.239799149470221  -0.9682637126553558  -1.626046824737165  -2.371650160119716
-1.332464042650527  -0.8874343975351182  -1.861046704631558  -2.325927199050724
-1.417739358664096  -0.8206348153334952  -2.090756762426473  -2.265841139222898
-1.497081424413322  -0.7688129290252061  -2.313734921609302  -2.191326471170883
-1.572006406936637  -0.7322169391470675  -2.528547215650053  -2.102610961296685
-1.644019945945036  -0.7103919113564789  -2.733797208732463  -2.000215823517144
-1.714547763794099  -0.7022025545462072  -2.928154934118214  -1.884945954767637
-1.784869833091543  -0.7058812949850152  -3.11038436984332  -1.75787055990306
-1.856060549928946  -0.7190998677739816  -3.279368521605714  -1.620294839517409
-1.928937139082433  -0.7390617877822145  -3.434131266537114  -1.473723737696799
-2.004018214552888  -0.7626122994861562  -3.573855226011201  -1.319819033939532
-2.081494045579297  -0.7863617665976561  -3.697895076558787  -1.160351303956987
-2.161209648388952  -0.8068179713079912  -3.805785870210029  -0.9971484590519446
-2.242661353139824  -0.8205224672965971  -3.897246113258161  -0.8320426965227041
-2.325007000949566  -0.8241859822188603  -3.972175539071635  -0.6668177495978901
-2.407089425643275  -0.8148178995950096  -4.030647699379584  -0.5031583127368962
-2.487472387145782  -0.7898450656076449  -4.072897682549068  -0.3426034372093427
-2.56448766609138  -0.7472155553987931  -4.099305440064386  -0.1865055456574101
-2.636291618913569  -0.6854835818311724  -4.110375357428552  -0.0359965081914517
-2.700929144381123  -0.603872417326526  -4.106712837400729  0.1080380359989689
-2.756402738972819  -0.5023130012224765  -4.088998767077955  0.2449752290800808
-2.800744129613313  -0.3814567918422204  -4.057962812067805  0.3744618681301527
-2.832085875018136  -0.2426623617977982  -4.014356518285846  0.4964114062066178
-2.848730324766603  -0.08795619268251273  -3.958927203410179  0.6109912455391644
-2.849213418316904  0.08003093367816372  -3.892393585702749  0.7186008414606951
-2.832360991103979  0.2581496601750313  -3.815424029037714  0.8198414705457978
-2.797335524875175  0.4428368016474248  -3.728618182095194  0.9154788199347444
-2.743671624675647  0.6302353266234123  -3.632492660485334  1.0063998159151
-2.671298912806088  0.8163252300407681  -3.527471267796324  1.093565318996671
-2.580551485766784  0.9970605560358319  -3.413880080803199  1.177960462328379
-2.472163567060233  1.168507605345748  -3.291947541579561  1.260544494920701
-2.34725148900023  1.326979318345291  -3.16180951169649  1.342202007679575
-2.207282632131641  1.469160963803012  -3.02351905792994  1.423697368135669
-2.054032423442447  1.592222580003922  -2.877060561721437  1.505634070880372
-1.889530927024809  1.693914097385556  -2.722367582523818  1.588420529445395
-1.716000937455569  1.772639702658553  -2.55934376404046  1.672243598311023
-1.53578979319839  1.827508760511926  -2.387885957392375  1.757050829557702
-1.351297353598039  1.858361462849539  -2.207908650627143  1.842542147763532
-1.164902720307096  1.865768295919924  -2.01936874281313  1.928171280812734
-0.9788923272678353  1.851003369114133  -1.822289685116809  2.013156925945288
-0.7953919711066663  1.815992600843966  -1.61678403132584  2.096503272725196
-0.6163052079089812  1.76323867207261  -1.403073495530871  2.177029160687421
-0.4432603081664831  1.695725503382943  -1.181505703105456  2.253404831793024
-0.2775676477836161  1.61680575611837  -0.9525669395061934  2.324194958069725
-0.1201890308576596  1.530075474975017  -0.7168903454409332  2.387906393150141
0.0282799965406135  1.439240455984985  -0.4752591713726986  2.443038921296504
0.1676142572322107  1.347979223114552  -0.2286048831477001  2.488137165310039
0.2979493900192984  1.259807617818332  0.02199990276150401  2.521841769560788
0.4197590434738847  1.177949944449417  0.2753534881285814  2.542937997889942
0.5338197105650031  1.105221372694623  0.5301418176853954  2.550399977477012
0.6411645490544877  1.043925885026701  0.7849593417966976  2.543428975600457
0.7430279340707651  0.9957734876375063  1.03833334821127  2.521484310872321
0.8407828268004884  0.9618196982344496  1.288750967090594  2.484305766170646
0.9358733045166513  0.9424295091853785  1.534687955328218  2.431926677444004
1.029744772669556  0.937267129525385  1.774638300290518  2.364677209631402
1.123774463114307  0.9453118669507801  2.007143651935536  2.283177685841296
1.219204810708668  0.9648995555045448  2.230821596939077  2.188322195729782
1.317082193934378  0.9937880010591078  2.444391828807533  2.081253060597072
1.418203327775484  1.029244038981641  2.646699342516285  1.963327063270981
1.523071316044663  1.068149008537571  2.836733888265631  1.836074648322257
1.631863015948233  1.107118775453684  3.013645052630121  1.701153551722662
1.744408952863083  1.142633902167425  3.176752491822933  1.560298519478285
1.860186563207428  1.171175194023856  3.32555101530641  1.415268914752589
1.978327054715424  1.1893596525752  3.459710402234386  1.267796087445591
2.097635674204314  1.194071851365203  3.579070021502206  1.119532386417224
2.216624681269603  1.182585915701997  3.683628511651596  0.9720036323225602
2.333557860199286  1.152673629864453  3.773528952779172  0.826566740648252
2.44650497877065  1.102694700461675  3.849040122529301  0.6843739946995686
2.553404236938946  1.031665854830484  3.910534566398091  0.5463452239228263
2.652130454086789  0.939306224685718  3.958464323914896  0.4131488529830898
2.740566531214758  0.8260573295904425  3.993335232759348  0.285192462037862
2.816675601962191  0.6930769006547497  4.015680779600004  0.1626231505153707
2.878571258121639  0.542206738430597  4.026036477721709  0.0453376381249615
2.92458330238151  0.375915745465998  4.024915726952922  -0.06699831911997595
2.953316640954082  0.197220178896005  4.012788051928831  -0.1749219604142548
2.96370117568918  0.009583998781386716  3.990060522522417  -0.2791380740520137
2.955030880233063  -0.1831970866167865  3.957063038728522  -0.3804774214154739
2.926990635918825  -0.3771236832654467  3.914038015850298  -0.4798506022850978
2.879669846108154  -0.5681282449174425  3.8611348398753  -0.5781990986831613
2.813562326492373  -0.7522131690503381  3.798409283513776  -0.6764453368868433
2.729552465948632  -0.9255864532076112  3.725827887067958  -0.7754436423791855
2.628888149814729  -1.084789998861433  3.643277121922638  -0.8759339290743198
2.513141416768306  -1.226815918073028  3.550576974809702  -0.9784998633863748
2.384158264404612  -1.349206635644258  3.447498424671743  -1.083533079295006
2.243999410926356  -1.450135170162313  3.333784137014848  -1.19120479850176
2.094874146797294  -1.528462699779018  3.209171578472287  -1.301445938180064
1.939069658880319  -1.583771346376486  3.073417661368972  -1.41393647761329
1.778878371430329  -1.616371014750584  2.926323967783739  -1.528104515550431
1.616525917458929  -1.62728006865427  2.767761577163729  -1.643135094777492
1.454102327930151  -1.618180578509029  2.59769453189181  -1.757988512172795
1.29349890595422  -1.59134980156055  2.416201020977  -1.871427484458812
1.136353043026881  -1.549570420459419  2.223491441569821  -1.98205221468262
0.9840029420968854  -1.496022839144088  2.019922608407882  -2.088342114017097
0.8374538485109093  -1.434163487317482  1.806007518553763  -2.188702688373042
0.6973569679650595  -1.367593592963745  1.582420237899753  -2.28151590849172
0.564001785887337  -1.299923227735599  1.349995651086829  -2.365192252610488
0.4373220121459999  -1.234635600082465  1.109724001337262  -2.438222547189907
0.3169148765243752  -1.174956559508718  0.862740334496833  -2.49922773588098
0.2020730122092742  -1.123734082795219  0.6103091454816013  -2.547004779727403
0.09182770441688762  -1.083332146435595  0.3538046986253214  -2.580567029886435
-0.01499813399045266  -1.055542862327518  0.09468764981287753  -2.599177612872766
-0.1197292533167425  -1.041520085172367  -0.1655212679349915  -2.602374620238215
-0.2237719000169758  -1.041736914481735  -0.4252696274632107  -2.58998719051332
-0.3285446666785233  -1.05596864023796  -0.6830028161646395  -2.562141900367781
-0.4354089424110703  -1.083301750996803  -0.9371936865772987  -2.519259232298143
-0.5456015611993912  -1.122168670496313  -1.186371359839398  -2.462040244953088
-0.6601721649658229  -1.170406948404955  -1.429148223412431  -2.391443926382597
-0.7799276252910156  -1.225340737010406  -1.664244229595461  -2.308656047140468
-0.9053856092668953  -1.283881571020415  -1.890507698736297  -2.21505063701441
-1.036739040244162  -1.342644761929179  -2.106931957146059  -2.112145475026576
-1.173832805507697  -1.398077147331136  -2.312667289945358  -2.001553197557762
-1.316153614720839  -1.446591519959527  -2.507027857937241  -1.884929786167082
-1.462833431680582  -1.484702816237309  -2.689493408960166  -1.763922289206145
-1.612666405083738  -1.509161078676132  -2.859705801415554  -1.640117656304662
-1.764138729747899  -1.517076322918713  -3.01746054396809  -1.514994521338931
-1.915470396093871  -1.50603073432953  -3.162693733997812  -1.389879659187631
-2.064667349957995  -1.474174080057272  -3.295464941739579  -1.265910668470299
-2.209582202859515  -1.420298833592535  -3.415936731196298  -1.144006202881734
-2.347981318632888  -1.343892247725754  -3.524351627614573  -1.024844796068168
-2.477615867309254  -1.245163451515148  -3.621007430251758  -0.9088530093785225
-2.596294289867811  -1.1250445567694  -3.706231825115254  -0.7962032897889478
-2.701953563347629  -0.9851657064450504  -3.780357273295742  -0.686821569325705
-2.792726696787755  -0.8278049467179268  -3.843697135701425  -0.580404280391186
-2.86700402305354  -0.6558147216887635  -3.896523944990363  -0.476444116554124
-2.923486074901763  -0.4725276412793477  -3.939050652136947  -0.3742635481788665
-2.961226137493282  -0.2816449278168653  -3.971415561417508  -0.2730548184198121
-2.97966094289977  -0.08711157756888668  -3.993671527824767  -0.1719249079483622
-2.978628401357662  0.1070172429104619  -4.005779830139915  -0.06994377495895161
-2.958371733449127  0.2967137269514585  -4.007608956988921  0.03380594285404505
-2.919529859922707  0.4781139033695604  -3.998938358621801  0.1401796311788577
-2.863114403550775  0.6476481155625261  -3.979467030631722  0.2499236589019675
-2.790474142116557  0.8021607814452036  -3.948826614196677  0.3636323644400259
-2.703248205665604  0.9390151029415285  -3.906598527322772  0.481710690962968
-2.603309718000481  1.056178942941586  -3.852334489216193  0.6043438863339985
-2.49270192722158  1.152288774582864  -3.785579670883947  0.7314754252430505
-2.373569140363466  1.226689407359873  -3.705897604083107  0.8627940102916456
-2.248084963008433  1.279448077728969  -3.612895911502499  0.9977301766739883
-2.118380439420057  1.311342426336554  -3.506251886109121  1.135462673711237
-1.986474688798558  1.323822835673233  -3.385736948212448  1.274934438655083
-1.854210538736011  1.318950536134239  -3.2512390449837  1.414877626939498
-1.723197471312031  1.299313771080514  -3.10278212760698  1.553846831240447
-1.594763927310622  1.267925110362822  -2.940541943378153  1.690259321408197
-1.469920669622343  1.228103687769221  -2.76485751019217  1.822440879520549
-1.349336500602625  1.183346685980379  -2.576237794235892  1.948675598373018
-1.23332717482191  1.137194782895639  -2.375363282749156  2.067257865185759
-1.121857864814841  1.093096491413035  -2.163082326204659  2.176544670512321
-1.014559040772413  1.054276362973572  -1.940402311542994  2.275006368266172
-0.9107551337468802  1.02361188204508  -1.708475913363406  2.361274066951158
-0.8095048837829273  1.003523559469989  -1.468582846467692  2.434181952617153
-0.7096518465293318  0.9958822489038056  -1.222107704458077  2.492803026371118
-0.6098831599301131  1.001937080093134  -0.9705146093275665  2.536476976809799
-0.508794370108608  1.02226664850154  -0.7153195110490522  2.564829191843306
-0.4049578935718005  1.05675525031809  -0.4580610599172431  2.577780234691483
-0.2969925594673977  1.104595036213479  -0.2002710247804298  2.575545453680746
-0.1836316356816508  1.164314009753493  0.05655475451129871  2.558624752278
-0.06378679752123187  1.233828851706069  0.3109839126643799  2.527782901565688
0.06339435443511043  1.310520644048146  0.5616726902617106  2.484021119122814
0.1984793854009085  1.391330730391406  0.8073878270823466  2.428540953578194
0.3417125702256039  1.472873213332396  1.047024511861228  2.362701791457928
0.4929883522334208  1.551559980740183  1.279619826535821  2.287973532258191
0.6518377441293315  1.623733694410209  1.504361286798209  2.205886150589367
0.8174282252812801  1.6858038825529  1.720590258734438  2.117977974468613
0.9885771965558875  1.734381162887122  1.927800216998714  2.025744552382118
1.163778558374668  1.766404689842498  2.125629996569796  1.930589957025447
1.341241497845828  1.779258165093903  2.313852370870168  1.833782281579531
1.518940124215559  1.770870166380805  2.492358457310252  1.736414928366087
1.694672194762787  1.739795120128614  2.661138601021056  1.639375075456815
1.866124840116751  1.685271947967872  2.820260513209558  1.54332044211664
2.030944940957338  1.60725823013332  2.969845537640067  1.448665168511759
2.186811636536409  1.506438620264244  3.110043983684766  1.355575290062374
2.331508365688165  1.384207183800066  3.241010494843628  1.263973934400045
2.462991855885031  1.242624281771458  3.362880416512755  1.17355601196451
2.579455584897659  1.084349548696327  3.475748086284369  1.083811822871084
2.679385438756138  0.9125533837020814  3.579647895685515  0.9940586755111547
2.761605571720758  0.7308101561748683  3.674538866736682  0.90347931835219
2.825312828569478  0.5429769926686592  3.760293353903125  0.8111657363058181
2.870098503764543  0.3530625362384754  3.836690326783099  0.7161666659557602
2.895956670867392  0.1650904336843552  3.90341351690863  0.6175370470692507
2.903278802200987  -0.01703750286135078  3.960054529616451  0.5143875561462072
2.892834895471287  -0.1896735029435107  4.006120835750827  0.4059323639008965
2.86574181274863  -0.3495466263875401  4.041048374795045  0.2915333226581255
2.823420000063738  -0.4938716910100108  4.064218327592451  0.1707389193382044
2.767540176025194  -0.6204404033398375  4.07497745945357  0.0433165202670294
2.699961940007799  -0.7276914060279043  4.072661298909196  -0.0907233214756098
2.622666541404597  -0.8147567250665076  4.056619308619703  -0.2311114359865162
2.53768626058767  -0.8814829609750295  4.026241126970129  -0.3773140996645791
2.447032971977093  -0.9284264893202431  3.980982914528207  -0.528536860933241
2.352628485627755  -0.9568228837231207  3.92039283045073  -0.6837380414757801
2.256239195083902  -0.9685317142884119  3.844134690438663  -0.8416514724457762
2.159417398447821  -0.965958771904044  3.752008919010338  -1.000817687587404
2.063451412549112  -0.9519585913660368  3.643970002468065  -1.159622485909657
1.969326275816494  -0.9297208638021403  3.520139771576595  -1.316341506786069
1.877696445792749  -0.9026449152378649  3.380815990193019  -1.469189239935732
1.788871456425565  -0.8742068620026276  3.22647589253156  -1.616370729720626
1.702815024406736  -0.8478243192074811  3.057774491356921  -1.756134133512842
1.619157600289922  -0.8267236260766869  2.875537665639937  -1.8868222611774
1.537221866905783  -0.8138144583135538  2.680750222301297  -2.006921258173673
1.4560602127115  -0.8115764263646901  2.474539305840262  -2.11510469710664
1.374502768486987  -0.8219618193360124  2.258153695375744  -2.21027150802577
1.291214208247112  -0.8463180634476043  2.032939674886838  -2.291576400339808
1.204757193515529  -0.8853327428653924  1.800314283909141  -2.358451700773828
1.113660095935836  -0.9390032058342538  1.561736848206108  -2.410619842439199
1.016486475484049  -1.006631880363787  1.318679749640271  -2.448096078491731
0.9119037260420504  -1.086847484075972  1.072599419453338  -2.471181347681784
0.79874832917967  -1.177651366495532  0.824908528528704  -2.480445575454996
0.6760852796074546  -1.276487303571545  0.5769503023546192  -2.476702040155646
0.5432594574251982  -1.380332207066295  0.3299758090147494  -2.460973756711935
0.3999370152772286  -1.485804446897472  0.08512495851054916  -2.434453118181813
0.2461352121426026  -1.589285840454481  -0.156588184911918  -2.398456278219591
0.08223954646944939  -1.687052862813632  -0.394285334008977  -2.354373946051493
-0.09099249565105896  -1.775412293881349  -0.6272288840311946  -2.303620393063195
-0.2724412734740703  -1.850836355112578  -0.8548217067124164  -2.247582531970686
-0.4606481065445525  -1.910092405530228  -1.076601933380483  -2.187570923529154
-0.6538508877330838  -1.950362463674988  -1.292233010179553  -2.12477449207067
-0.8500309542853405  -1.969348191648957  -1.501489480102988  -2.060220592555221
-1.046969565663861  -1.965357506091143  -1.704239101329271  -1.994741873344449
-1.242311985884662  -1.937369649445268  -1.900422043590847  -1.928951127819308
-1.43363688984323  -1.885076338858861  -2.090028009171184  -1.863225033436209
-1.618528617927038  -1.808897480887469  -2.273072198802403  -1.797697349608168
-1.794649698139593  -1.709970866104054  -2.449571082547389  -1.732261797856194
-1.959811043841517  -1.590116204960512  -2.619518940255678  -1.666584491704062
-2.112037318448116  -1.451774800270721  -2.782866105229556  -1.600125432780651
-2.249625132970317  -1.29792703842368  -2.939499779468295  -1.532168256359222
-2.371192001777371  -1.131990688560184  -3.089228191668739  -1.461857106263356
-2.475714316928877  -0.9577036970333077  -3.231768743609333  -1.388239256772366
-2.562552999652898  -0.7789957280778232  -3.366740641226545  -1.31031188743516
-2.631465934513082  -0.5998531102001033  -3.493662339068966  -1.227071263275136
-2.682606771212271  -0.4241820864876592  -3.611953947014855  -1.13756248333657
-2.716510173343629  -0.2556753271436955  -3.720944562736691  -1.040927938150308
-2.734064084700179  -0.09768654190856865  -3.819884309169589  -0.9364526622983269
-2.736470054081316  0.04688226693926859  -3.907960679923676  -0.8236048801680065
-2.725193091749021  0.1756768327511431  -3.98431863362008  -0.7020702171238116
-2.701902909038217  0.2869664666177412  -4.048083736448127  -0.5717782783332407
-2.668408703332613  0.3796969834965979  -4.098387536020243  -0.4329205749740079
-2.626589882365924  0.4535188191079205  -4.13439426309446  -0.2859590923980128
-2.578325266166556  0.508789349865437  -4.155327904112035  -0.1316251355499705
-2.525423356687963  0.5465493694313363  -4.160498668729735  0.02909155889304743
-2.4695562223926  0.5684746182749842  -4.149327893311798  0.1949630994978736
-2.412199409367475  0.5768041724867583  -4.121370473087619  0.3645524197141728
-2.354580066914964  0.5742483418686839  -4.076334000505472  0.5362499563227967
-2.297635172162467  0.56387947422521  -4.014093902140982  0.7083167419039552
-2.2419813661553  0.5490096855799331  -3.934704007178641  0.8789323923063734
-2.187897486729491  0.5330600120465896  -3.838402141860675  1.046246291115889
-2.135320416802952  0.5194257909414978  -3.725610520519941  1.208430155909794
-2.083854377611304  0.5113432150853164  -3.596930888471205  1.363730119912615
-2.032793302701961  0.5117619601525319  -3.453134558409782  1.510516479402327
-1.981155448205848  0.5232285620180278  -3.295147663277552  1.64732934123939
-1.927728945557783  0.5477848274742397  -3.124032118208124  1.772918553136922
-1.871126600830386  0.5868850118267724  -2.940962935985457  1.886276506349836
-1.80984790485002  0.6413348107970879  -2.747202668923786  1.986662658780955
-1.742345952680565  0.7112544169103633  -2.544073850533319  2.073618926661722
-1.667096789579666  0.7960670112195728  -2.332930379129508  2.146975424018533
-1.582668609771668  0.8945131318986647  -2.115128820182039  2.206846379012142
-1.487788237650557  1.004690415833889  -1.892000603436625  2.253616412181542
-1.381402418203511  1.124117282341613  -1.664826054722265  2.287917710660269
-1.262731630984011  1.249818253357317  -1.434811132211697  2.310598961840939
-1.131314413019847  1.378427813779956  -1.203067635306212  2.322687207739683
-0.9870405207267819  1.506309037952876  -0.970597524986472  2.325344036607685
-0.8301716666391901  1.629682668228817  -0.7382818421375141  2.319817731855246
-0.6613490187644137  1.744761948889909  -0.5068745405851023  2.307393142687059
-0.4815871321319041  1.847888307320733  -0.2770013705729257  2.289341120748217
-0.2922544760704742  1.93566294196071  -0.0491637627748035  2.266869379651757
-0.09504120889287415  2.005069524359082  0.1762525205509453  2.241076579059843
0.1080846838046275  2.053583545218171  0.3989643753005938  2.212911314053139
0.3149313470472451  2.079264319861378  0.6187745536202887  2.18313750827551
0.5231452024518347  2.080826299381148  0.8355517762169055  2.152307472448513
0.7302790755915102  2.057687086792237  1.049208577064087  2.120743606969134
0.9338638798614751  2.009990405363955  1.259677780833608  2.088529408768418
1.131481301990451  1.938603178004771  1.466888562371688  2.05551010005049
1.320834897372003  1.84508681887135  1.670743051587823  2.021302842458565
1.4998170607529  1.731643776907  1.871094425725336  1.985316147552776
1.666569487411985  1.601041271557715  2.067727374927311  1.946777756106926
1.819534976330277  1.456514990633166  2.260341738353002  1.904769946987881
1.957498741365116  1.301656248927018  2.448539990082284  1.858270962649693
2.079617777623537  1.140286707227679  2.631819110984714  1.806201012543908
2.185437264178113  0.9763252028363802  2.809567219854746  1.747471146255328
2.274893455155715  0.8136515282198704  2.981065160377992  1.681033181103551
2.348303001884052  0.6559721035707089  3.145493056353422  1.605928828211975
2.406339141312398  0.5066924178732661  3.301941662781499  1.521336188124737
2.44999566237531  0.3688008641992412  3.449428161691586  1.426611880961137
2.480540004974253  0.2447681774845459  3.586915885454991  1.321327233411558
2.499457239666828  0.1364661122195243  3.713337302884422  1.205297159861367
2.508387005642867  0.04510829415744824  3.82761948004653  1.078600639738776
2.509055738130554  -0.02878463001686053  3.928711132924126  0.941591998161762
2.503206684784468  -0.08539430855106403  4.015610326328305  0.7949025309853482
2.49253028773878  -0.1255881618417075  4.087391845079197  0.6394323662429933
2.478597491070712  -0.1508776600292907  4.143233270495447  0.4763328089390302
2.46279842305118  -0.1633529596792216  4.182438837414065  0.3069797622399784
2.446288702808689  -0.1655963208680092  4.204460222779262  0.1329391427125412
2.429945339206135  -0.1605775000798671  4.208913523540066  -0.04407450146885075
2.414333836128143  -0.1515349716535695  4.195591815305076  -0.2222447130898139
2.399687705915959  -0.1418473471398161  4.164472839057116  -0.3997035386090632
2.385901136429797  -0.1348997190078079  4.115721535562415  -0.5745838460518754
2.372535073823146  -0.1339498396698804  4.049687329649405  -0.7450716937170707
2.358836490225744  -0.1419990520638123  3.966896252640908  -0.9094568933859202
2.343770121142045  -0.1616727138719727  3.868038174130461  -1.066179977298516
2.32606149915825  -0.1951145102378108  3.753949587346238  -1.21387390886451
2.304249695234741  -0.2438985422479368  3.625592549251951  -1.351399068128747
2.276747821596967  -0.3089624290151735  3.484030511589971  -1.477870287446147
2.24190906406191  -0.3905638936291054  3.330401887371796  -1.592675001716545
2.198095806990555  -0.4882624455470201  3.16589227493494  -1.695481900351425
2.143749298405179  -0.600926855475341  2.991706305802543  -1.786239813117157
2.077457280372919  -0.7267681768778884  2.809040091613447  -1.865166916544128
1.998017081352267  -0.863397135303551  2.61905521902611  -1.932730698781442
1.90449183021528  -1.007903816782554  2.422855180720176  -1.989619455810285
1.796257700148877  -1.15695677205608  2.221465037659794  -2.036706398594616
1.67304041554033  -1.306917944081644  2.015814986050534  -2.075007717870854
1.534939644414665  -1.453969247960927  1.806728356373196  -2.105636171128015
1.382440338811353  -1.594246206250833  1.594914406854463  -2.129751916974305
1.21641055962475  -1.72397378407543  1.380966095768605  -2.148512419681064
1.038085813597109  -1.839599486973496  1.165362832559046  -2.163023277696611
0.8490404204348527  -1.937918882951996  0.9484780236596961  -2.174291793216665
0.6511468995419405  -2.016188985162695  0.7305910518069496  -2.183184996840605
0.4465248014376889  -2.072225372936071  0.511903164030177  -2.190393675709666
0.2374807926721666  -2.104479520485975  0.2925565993633769  -2.196403731372492
0.0264421209831755  -2.11209352285364  0.07265616789448603  -2.201475923074253
-0.1841141720306625  -2.094930231313601  -0.1477075975807924  -2.205634743101319
-0.3917337690781424  -2.053577705507851  -0.368434654011209  -2.208666834521571
-0.5940567419560017  -1.989327824362401  -0.5893919848505318  -2.210129010420232
-0.7888858101795353  -1.90412983828053  -0.8103914094804061  -2.209365580365576
-0.9742487650629819  -1.800520556905243  -1.031169566896778  -2.205534347247622
-1.148452843560736  -1.681533716654147  -1.251370895313981  -2.19764031832065
