2.11388
1.36583
2.01159
1.79527
2.11707
2.01903
1.41421
1.1664
1.04618
1.91115
1.67392
1.8378
2.09595
1.46731
1.79792
1.98267
1.3291
2.01916
1.93132
1.76324
1.00175
2.21754
2.13143
1.61632
1.95384
2.00624
1.29962
1.69012
1.01242
1.10702
1.98771
1.68938
1.21737
1.32401
1.10973
2.01271
1.44291
2.12885
1.58572
1.86105
2.18346
2.08183
2.03286
1.69602
1.87443
2.01246
1.94897
2.01656
1.74327
1.53769
2.15882
1.60686
2.23103
1.28608
1.26768
2.20057
2.12391
1.03368
1.86065
1.91364
1.8416
1.75214
2.18575
1.61307
1.84757
1.07889
2.05949
1.95346
1.89103
1.06066
1.40872
1.44551
1.83057
1.98972
2.08135
1.17898
1.15065
1.99825
1.46561
2.11601
1.93778
