0  0  1.343750000000151e-05  0.6983211805555555  0  0  0.7  inf  0.002398313492063542
0.024  0.000201439  0.01677314583333333  0.6983211805555555  0.0002014388167310699  0.01677985611832788  0.6983220143881672  0.0003999012236596576  1.194051733376552e-06
0.048  0.000805111  0.03351168750000001  0.6965572916666669  0.0008051113068034965  0.03351948886931932  0.696648051113068  0.0002327412971520746  0.0001302801985250994
0.07199999999999999  0.00181  0.05031018749999999  0.7033177083333338  0.001810053266936507  0.05021899467330648  0.6949781005326693  0.001815903071870572  0.01199981379884147
0.096  0.00322  0.06687500000000002  0.6770833333333333  0.003215302805116949  0.0668784697194873  0.6933121530280512  5.18809641104906e-05  0.02340766655227128
0.12  0.00502  0.08333333333333336  0.6944444444444436  0.005019900335142324  0.08349800996648682  0.6916501990033513  0.001972222250800446  0.004039969113171271
0.144  0.00722  0.09999999999999992  0.6944444444444451  0.007222888571007502  0.100077711142899  0.68999222888571  0.0007765079957524166  0.006452558988852841
0.168  0.009820000000000001  0.1166666666666667  0.6944444444444406  0.009823312521490379  0.1166176687478515  0.6883382331252148  0.0004201586203984924  0.008870946034048158
0.192  0.01282  0.133125  0.6770833333333302  0.01282021948455281  0.133117978051545  0.6866882021948455  5.274981304372109e-05  0.013987234425778
0.216  0.01621  0.1495833333333334  0.6944444444444526  0.01621265904194047  0.1495787340958055  0.6850421265904194  3.074793723660082e-05  0.01372516738617272
0.24  0.02  0.1660416666666666  0.6770833333333226  0.01999968305365485  0.1660000316946348  0.6833999968305364  0.0002508130366403019  0.00924299608795605
0.264  0.02418  0.1822916666666669  0.6770833333333378  0.02418034565248206  0.182381965434752  0.6817618034565248  0.0004951079887195137  0.006862323614299326
0.288  0.02875  0.1987499999999998  0.6944444444444391  0.02875370323859272  0.1987246296761409  0.6801275370323859  0.0001276657246776829  0.02105032752316192
0.312  0.03372  0.2149999999999998  0.6597222222222303  0.03371881447407077  0.215028118552592  0.6784971881447407  0.000130766863335982  0.02767139827631121
0.336  0.03907  0.2312500000000003  0.6944444444444422  0.03907474027752755  0.2312925259722487  0.6768707474027751  0.0001838622846528255  0.02596315043765631
0.36  0.04482  0.2477083333333331  0.6770833333333347  0.04482054381861644  0.2475179456181387  0.6752482054381861  0.0007691875218135213  0.002717708659377705
0.384  0.05096  0.2637500000000005  0.6597222222222333  0.05095529051273218  0.2637044709487268  0.6736295529051273  0.0001726517988483138  0.02064536899088903
0.408  0.05748  0.2797916666666665  0.6770833333333347  0.0574780480155539  0.2798521951984441  0.6720147804801556  0.0002162875003880159  0.007542323473239083
0.432  0.06439  0.2958333333333329  0.6597222222222062  0.06438788621775871  0.2959612113782244  0.6704038788621774  0.0004320770424475761  0.01593316652358925
0.456  0.07167999999999999  0.3120833333333337  0.6944444444444663  0.07168387723950786  0.3120316122760478  0.6687968387723952  0.000165755824894084  0.03834887395572683
0.48  0.07937  0.3281249999999997  0.6423611111110779  0.07936509542533088  0.3280634904574669  0.6671936509542533  0.0001874928003938974  0.03721938871519346
0.504  0.08742999999999999  0.3439583333333333  0.6770833333333829  0.08743061733856905  0.344056938266144  0.6655943061733856  0.000286594809881438  0.01726130625433036
0.528  0.09588000000000001  0.3599999999999998  0.659722222222158  0.0958795217561601  0.3600120478243838  0.6639987952175616  3.346505889685539e-05  0.006440633667117245
0.552  0.10471  0.3758333333333345  0.6597222222222123  0.1047108896633944  0.375928911033661  0.6624071088966339  0.0002542440805197189  0.004053227446326422
0.576  0.11392  0.3918749999999998  0.6770833333333347  0.1139238042485005  0.3918076195751503  0.6608192380424849  0.0001719732375867459  0.02461201846820958
0.6  0.12352  0.4077083333333331  0.6423611111110779  0.1235173508974157  0.4076482649102591  0.6592351735089741  0.0001473535600285521  0.02559642306110436
0.624  0.13349  0.4233333333333328  0.6597222222222062  0.1334906171885279  0.4234509382811469  0.6576549061718853  0.0002777298080657823  0.003143466323933482
0.648  0.14384  0.4391666666666666  0.6597222222222062  0.1438426928874463  0.4392157307112559  0.6560784269288744  0.0001117083045040556  0.005553902008923748
0.672  0.15457  0.4550000000000017  0.6597222222222123  0.1545726699416434  0.4549427330058355  0.6545057266994164  0.0001258773687575399  0.007970129687179339
0.696  0.16568  0.4706249999999996  0.6423611111111742  0.1656796424753821  0.4706320357524607  0.6529367964247539  1.49495825329624e-05  0.01619710417836504
0.72  0.17716  0.4862499999999996  0.6597222222222062  0.177162706784415  0.4862837293215598  0.651371627067844  6.936140266777653e-05  0.0128200167267839
0.744  0.18902  0.5018749999999995  0.6423611111111742  0.1890209613306837  0.5018979038669311  0.6498102096133068  4.563451402194571e-05  0.01146349871382516
0.768  0.20125  0.5174999999999995  0.6597222222222062  0.2012535067373875  0.5174746493262612  0.6482525350673738  4.898920898120977e-05  0.01769323918438725
0.792  0.21386  0.5331250000000021  0.6423611111111801  0.2138594457834984  0.53301405542165  0.646698594457835  0.0002081456900123769  0.006707117324557063
0.8159999999999999  0.22684  0.548541666666666  0.6423611111109815  0.2268378833988294  0.5485162116601172  0.6451483788339882  4.640702682566755e-05  0.004320351433021235
0.84  0.24019  0.563958333333333  0.6423611111111742  0.2401879266587201  0.5639812073341277  0.6436018792665872  4.05580904066403e-05  0.001927850423350028
0.864  0.25391  0.5793750000000001  0.6423611111110779  0.2539086847790344  0.5794091315220973  0.6420590868477902  5.890746320743811e-05  0.0004703994842132421
0.888  0.268  0.5947916666666654  0.6423611111110779  0.2679992691108737  0.594800073088912  0.6405199926911087  1.413318966654916e-05  0.002874412104193329
0.912  0.28246  0.6102083333333325  0.6423611111112706  0.2824587931355893  0.61015412068644  0.6389845879313559  8.885074287695662e-05  0.00528420128386162
0.9360000000000001  0.29729  0.6254166666666688  0.6250000000000515  0.297286372459638  0.6254713627540358  0.6374528637245963  8.744778837856525e-05  0.01953534831074961
0.96  0.31248  0.6406249999999994  0.6423611111110779  0.3124811248094375  0.6407518875190563  0.6359248112480943  0.0001980290991387822  0.01012116487537479
0.984  0.32804  0.6560416666666664  0.6423611111110779  0.3280421700263219  0.6559957829973682  0.6344004217002631  6.994506746461259e-05  0.01254836714874686
1.008  0.34397  0.6712499999999999  0.6250000000000457  0.3439686300615108  0.6712031369938494  0.632879686300615  6.981940871197398e-05  0.0124505280721341
1.032  0.36026  0.6862499999999999  0.624999999999853  0.3602596289709794  0.6863740371029019  0.6313625962897097  0.0001807135704397138  0.01007756292065348
1.056  0.37691  0.7014583333333323  0.6423611111110779  0.3769142929104703  0.7015085707089526  0.6298491429291047  7.161334546418325e-05  0.01986502374804618
1.08  0.39393  0.7166666666666658  0.6250000000000457  0.3939317501304345  0.7166068249869557  0.6283393175013043  8.350699103537036e-05  0.005314513047723879
1.104  0.41131  0.7316666666666725  0.6250000000000573  0.4113111309710149  0.7316688869028987  0.6268331113097101  3.034482217223404e-06  0.0029244008916866
1.128  0.42905  0.7466666666666657  0.6250000000000457  0.4290515678570017  0.7466948432142999  0.62533051567857  3.773502373863323e-05  0.000528545577478516
1.152  0.44715  0.7616666666666667  0.6250000000000457  0.4471521952929152  0.7616847804707092  0.623831521952929  2.378123405759989e-05  0.001873066695089023
1.176  0.46561  0.7766666666666667  0.6250000000000457  0.4656121498579466  0.7766387850142058  0.6223361214985794  3.590041213357121e-05  0.00428044975929041
1.2  0.48443  0.7916666666666655  0.624999999999853  0.4844305702010274  0.7915569429798976  0.6208443057020102  0.0001386175533434205  0.006693617481348735
1.224  0.50361  0.8064583333333331  0.6076388888890136  0.5036065970358408  0.8064393402964161  0.6193560659703584  2.355172418797309e-05  0.01891832134232388
1.248  0.52314  0.8212499999999995  0.624999999999853  0.5231393731359049  0.8212860626864096  0.6178713937313589  4.391001874808213e-05  0.01153736253339721
1.272  0.54303  0.8360416666666659  0.6076388888890136  0.5430280433295707  0.8360971956670431  0.6163902804332957  6.641452771874868e-05  0.01419780911881059
1.296  0.56327  0.8508333333333323  0.624999999999853  0.5632717544951902  0.8508728245504802  0.6149127175449519  4.641259658130607e-05  0.01640441345102556
1.32  0.58387  0.8656249999999988  0.6076388888890136  0.5838696555561285  0.8656130344443875  0.6134386965555613  1.382321561147322e-05  0.009454583969210575
1.344  0.60482  0.8802083333333327  0.6076388888886282  0.6048208974758893  0.880317910252411  0.6119682089747589  0.0001244742584493083  0.00707441991698184
1.368  0.62612  0.8950000000000075  0.62500000000025  0.6261246332532124  0.8949875366746785  0.6105012463325321  1.392569708323704e-05  0.02374893377338108
1.392  0.64778  0.9097916666666656  0.6076388888890136  0.6477800179172135  0.9096219982082783  0.6090378001791721  0.0001865263359081988  0.002296920305680389
1.416  0.66979  0.9241666666666649  0.5902777777777889  0.6697862085225097  0.9242213791477489  0.607577862085225  5.919845863603612e-05  0.02847385559451052
1.44  0.69214  0.938749999999999  0.6250000000002385  0.6921423641443454  0.9387857635855648  0.6061214236414435  3.809557723712209e-05  0.03114652546906635
1.464  0.71485  0.9533333333333329  0.5902777777777889  0.7148476458737889  0.9533152354126209  0.6046684764587379  1.898419330749872e-05  0.02379932019150168
1.488  0.7379  0.9677083333333323  0.6076388888890136  0.737901216812844  0.9678098783187155  0.6032190121681285  0.0001049224518761654  0.007327150888363033
1.512  0.7613  0.9822916666666663  0.6076388888890136  0.7613022420696893  0.9822697757930312  0.6017730224206969  2.22860095816952e-05  0.00974763947496465
1.536  0.78505  0.9966666666666657  0.5902777777777889  0.785049888753818  0.9966950111246184  0.6003304988875381  2.843844670273042e-05  0.01674531133830068
1.56  0.80914  1.011041666666665  0.6076388888890136  0.8091433259712915  1.01108566740287  0.5988914332597128  4.35183067308971e-05  0.01460607907127536
1.584  0.83358  1.025416666666667  0.5902777777777889  0.8335817248199078  1.025441827518009  0.5974558172481991  2.453659551195919e-05  0.01201434359359201
1.608  0.85836  1.039791666666676  0.6076388888890248  0.8583642583844266  1.039763574161556  0.5960236425838443  2.701816626141431e-05  0.01948789523654939
1.632  0.88349  1.054166666666665  0.5902777777777889  0.8834901017318941  1.054050989826812  0.5945949010173188  0.0001097450132584109  0.007260612615654072
1.656  0.90896  1.068333333333332  0.5902777777777889  0.9089584319067114  1.068304156809328  0.5931695843190672  2.731106475493108e-05  0.004875176707851541
1.68  0.93477  1.082499999999999  0.5902777777777889  0.9347684279261159  1.082523157207389  0.5917476842792611  2.13918817673832e-05  0.002484008878315231
1.704  0.96092  1.096666666666666  0.5902777777777889  0.9609192707752641  1.096708072922474  0.5903291927077525  3.77550387656971e-05  8.709535391228212e-05
1.728  0.98741  1.110833333333333  0.5902777777777889  0.987410143402613  1.110858985659738  0.5889141014340261  2.30923337131057e-05  0.002315577671586022
1.752  1.01424  1.124999999999998  0.5902777777777889  1.014240230715231  1.124975976928477  0.5875024023071522  2.135429734822443e-05  0.004724024037582863
1.776  1.04141  1.138958333333332  0.572916666666564  1.041408719574008  1.1390591280426  0.58609408719574  8.848944430228706e-05  0.02248345584277326
1.8  1.06891  1.153124999999999  0.6076388888882427  1.068914798789038  1.153108520121096  0.5846891479878904  1.429169814959523e-05  0.03925118326435504
1.824  1.09676  1.167291666666666  0.572916666667335  1.096757659114985  1.167124234088502  0.5832875765911497  0.0001434573743515739  0.01778009739968134
1.848  1.12494  1.181041666666668  0.572916666666564  1.124936493246295  1.181106350675371  0.5818893649324629  5.476560909681518e-05  0.01541993857705284
1.872  1.15345  1.195000000000007  0.5902777777777998  1.153450495812706  1.19505495041873  0.5804945049581269  4.59814995988448e-05  0.01685334268647132
1.896  1.1823  1.208958333333328  0.572916666667335  1.182298863374456  1.208970113662555  0.5791029886337445  9.744102929776642e-06  0.01068259374900605
1.92  1.21148  1.22291666666667  0.5902777777785598  1.211480794417767  1.222851920558224  0.5777148079441776  5.294681012270289e-05  0.02174597164834335
1.944  1.241  1.236666666666667  0.5555555555545683  1.240995489350183  1.236700451064982  0.5763299548935018  2.731817416689733e-05  0.03604601697784802
1.968  1.27084  1.250416666666665  0.5902777777777889  1.270842150495966  1.250515784950403  0.5749484215049596  7.926192130600252e-05  0.02666214167995075
1.992  1.30102  1.264375000000002  0.572916666666564  1.301019982091503  1.26429800179085  0.5735701998209149  6.090194640997289e-05  0.001139412672685848
2.016  1.33153  1.278124999999999  0.572916666666564  1.331528190280707  1.27804718097193  0.572195281902807  6.088901038089245e-05  0.001260731758147533
2.04  1.36237  1.291666666666662  0.5555555555553392  1.362365983110493  1.291763401688951  0.5708236598311048  7.488602182290393e-05  0.02674749725735468
2.064  1.39353  1.305416666666664  0.5902777777777889  1.393532570526162  1.305446742947385  0.5694553257052615  2.303907140106113e-05  0.0365655585830884
2.088  1.42503  1.319166666666666  0.5555555555553392  1.425027164366867  1.319097283563313  0.5680902716436687  5.259892823551081e-05  0.02206465541482074
2.112  1.45685  1.332708333333334  0.572916666667335  1.456848978361123  1.332715102163887  0.5667284897836112  5.078977902048139e-06  0.01091912087582985
2.136  1.489  1.346250000000001  0.5555555555553392  1.488997228122173  1.346300277187782  0.5653699722812217  3.734470580818522e-05  0.01735928189868678
2.16  1.52147  1.359791666666664  0.572916666666564  1.521471131143571  1.359852886885642  0.5640147113114357  4.501973674390502e-05  0.0157831970985823
2.184  1.55427  1.373333333333332  0.5555555555553392  1.55426990679463  1.373373009320537  0.5626626990679462  2.888944732143426e-05  0.01263126829693885
2.208  1.58739  1.386874999999999  0.572916666666564  1.587392776315909  1.386860722368409  0.5613139277631591  1.029492822158661e-05  0.0206706770124909
2.232  1.62084  1.400416666666688  0.5555555555553597  1.620838962814787  1.400316103718522  0.5599683896281478  7.181446239104748e-05  0.007880505675897908
2.256  1.65461  1.413749999999999  0.5555555555561102  1.654607691260892  1.41373923087391  0.5586260769126089  7.617477010164234e-06  0.005496559296817444
2.28  1.6887  1.427083333333332  0.5555555555553392  1.688698188481766  1.427130181151823  0.5572869818848176  3.282659081133707e-05  0.003106884577892909
2.304  1.72311  1.440416666666665  0.5555555555561102  1.72310968315827  1.440489031684173  0.5559510968315826  5.023642382300016e-05  0.0007114677490998637
2.328  1.75784  1.453750000000002  0.5555555555553392  1.757841405820272  1.453815859417974  0.5546184140582026  4.530107272168781e-05  0.001689704981627773
2.352  1.79289  1.46708333333333  0.5555555555553392  1.792892588842093  1.467110741115791  0.5532889258884209  1.868146806669822e-05  0.004096647449212391
2.376  1.82826  1.480416666666663  0.5555555555553392  1.828262466438204  1.480373753356179  0.5519626246643821  2.898815950142029e-05  0.006509373516262624
2.4  1.86395  1.493750000000001  0.5555555555561102  1.863950274658748  1.493604972534126  0.5506395027465874  9.70989441934775e-05  0.00892789708148734
2.424  1.89996  1.506874999999999  0.5381944444441144  1.899955251385094  1.506804474861491  0.5493195525138509  4.680443925152602e-05  0.02025252518106213
2.448  1.93628  1.519791666666662  0.5381944444441144  1.936276636325559  1.519972336367443  0.5480027663632556  0.0001188638085433196  0.0178983073100759
2.472  1.97291  1.533124999999995  0.572916666666564  1.972913671010986  1.533108632898902  0.5466891367101098  1.067576083135709e-05  0.04797521698398376
2.496  2.00987  1.546250000000002  0.5208333333336606  2.009865598790299  1.546213440120971  0.5453786559879029  2.364478155672191e-05  0.04500601991799768
2.52  2.04713  1.559166666666666  0.5555555555545683  2.047131664826225  1.559286833517377  0.5440713166482622  7.706526350915165e-05  0.0211079660972653
2.544  2.08471  1.572291666666659  0.5381944444441144  2.084711116090986  1.572328888390902  0.5427671111609098  2.367298884961703e-05  0.008424730649237584
2.568  2.1226  1.585416666666671  0.5555555555561102  2.122603201361841  1.585339679863816  0.5414660320136183  4.856170815175938e-05  0.02602106634481841
2.592  2.16081  1.598333333333339  0.5208333333336606  2.160807171216831  1.598319282878316  0.5401680717121683  8.790768636340474e-06  0.03579393042839891
2.616  2.19932  1.611249999999998  0.5555555555561102  2.199322278030479  1.611267772196952  0.5388732227803047  1.102994627038495e-05  0.03095780616029392
2.64  2.23815  1.624166666666666  0.5208333333336606  2.238147775969423  1.624185222403058  0.5375814777596942  1.14246430368277e-05  0.03115461584694015
2.664  2.27728  1.637083333333334  0.5555555555561102  2.277282920988199  1.63707170790118  0.536292829209882  7.101357929355643e-06  0.03591829928922968
2.688  2.31673  1.649999999999993  0.5208333333336606  2.316726970824874  1.649927302917512  0.5350072697082487  4.406077913354573e-05  0.02649297902497204
2.712  2.35648  1.662708333333326  0.5381944444441144  2.356479184996829  1.662752081500318  0.5337247918499682  2.63106974747889e-05  0.008374451894306131
2.736  2.39654  1.675625000000034  0.5381944444456762  2.396538824796437  1.675546117520356  0.5324453882479644  4.70786681747574e-05  0.01079745702489668
2.76  2.43691  1.688333333333337  0.5208333333321186  2.436905153286901  1.68830948467131  0.531169051532869  1.41257644072436e-05  0.0194584345057815
2.784  2.47758  1.700833333333326  0.5208333333336606  2.477577435297903  1.70104225647021  0.529895774352979  0.0001228206625021419  0.01710230852545289
2.808  2.51855  1.713749999999994  0.5555555555561102  2.518554937421428  1.713744506257857  0.5286255493742142  3.205694966025117e-06  0.05094344420880846
2.832  2.55984  1.726458333333336  0.5034722222232068  2.559836928007542  1.726416307199245  0.5273583692800754  2.43429895303698e-05  0.04529395653562279
2.856  2.60142  1.738958333333335  0.5381944444441144  2.601422677160173  1.739057732283982  0.5260942267716018  5.715678600058134e-05  0.02300009590822929
2.88  2.64331  1.751666666666668  0.5208333333336606  2.643311456732889  1.751668854326711  0.5248331145673288  1.248900462831445e-06  0.007621053479001029
2.904  2.6855  1.764375000000002  0.5381944444441144  2.685502540324691  1.764249745967531  0.5235750254032469  7.0995635825968e-05  0.02792230020828041
2.928  2.728  1.776874999999991  0.5034722222216648  2.727995203275881  1.776800479672411  0.5223199520327588  4.19407403548216e-05  0.03608464455118492
2.952  2.77079  1.789166666666664  0.5208333333352025  2.770788722663866  1.789321127733613  0.5210678872266387  8.632383788185368e-05  0.0004501407536060623
2.976  2.81388  1.801874999999997  0.5381944444425725  2.813882377298953  1.801811762270105  0.5198188237729895  3.50967460735928e-05  0.03535004857309249
3  2.85728  1.814374999999996  0.5034722222232068  2.857275447720241  1.814272455227975  0.5185727544772025  5.652115354856581e-05  0.029119409231631
3.024  2.90097  1.826666666666669  0.5208333333321186  2.900967216191503  1.826703278380849  0.5173296721619151  2.004250751241518e-05  0.006772588851441185
3.048  2.94496  1.838958333333333  0.5034722222216648  2.94495696669695  1.839104303330306  0.5160895696669695  7.937015682472967e-05  0.02444797993775899
3.072  2.98924  1.851458333333332  0.5381944444441144  2.989243984937218  1.851475601506278  0.5148524398493721  9.326708346791633e-06  0.04533727100831315
3.096  3.03383  1.86395833333333  0.5034722222216648  3.033827558325186  1.863817244167482  0.5136182755832518  7.569903448965678e-05  0.0197540738792159
3.12  3.07871  1.876041666666669  0.5034722222216648  3.078706975981888  1.876129302401812  0.5123870697598188  4.671092500433232e-05  0.01739865828841643
3.144  3.12388  1.888333333333333  0.5208333333336606  3.12388152873244  1.888411847126756  0.5111588152873243  4.157662617009238e-05  0.01892663836952152
3.168  3.16935  1.900624999999997  0.5034722222232068  3.169350509101918  1.900664949089808  0.5099335050910191  2.101848083792126e-05  0.01267083414465783
3.192  3.21511  1.912916666666661  0.5208333333321186  3.215113211311319  1.912888678868867  0.5087111321131131  1.463116913299222e-05  0.02382924306895258
3.216  3.26117  1.925208333333325  0.5034722222216648  3.26116893127346  1.925083106872654  0.5074916893127346  6.504989848165395e-05  0.0079202618992897
3.24  3.30752  1.937291666666699  0.5034722222232253  3.307516966588963  1.937248303341104  0.5062751696658896  2.238397913184036e-05  0.005536411047996027
3.264  3.35416  1.949375000000001  0.5034722222232068  3.354156616542184  1.949384338345782  0.5050615661654217  4.790407718343562e-06  0.003146832086792443
3.288  3.40109  1.96145833333334  0.5034722222216648  3.401087182097143  1.961491281790287  0.5038508718209713  1.679765658541097e-05  0.0007515112516091856
3.312  3.44831  1.973541666666669  0.5034722222216648  3.448307965893562  1.973569203410643  0.5026430796589356  1.395276331155088e-05  0.001649565260685085
3.336  3.49582  1.985624999999998  0.5034722222216648  3.495818272242843  1.985618172775716  0.5014381827224285  3.438336924975684e-06  0.004056411277244619
3.36  3.54362  1.997499999999993  0.486111111109669  3.543617407124017  1.997638259287599  0.5002361740712401  6.921137346213436e-05  0.02823678832862561
3.384  3.5917  2.009583333333331  0.5208333333336606  3.591704678179752  2.009629532182025  0.4990370467817975  2.298873894610899e-05  0.04367669032273954
3.408  3.64008  2.02166666666667  0.4861111111112109  3.640079394712401  2.021592060528759  0.497840793947124  3.690464528790556e-05  0.0235611122642532
3.432  3.68874  2.033541666666664  0.5034722222216648  3.688740867680025  2.033525913231997  0.4966474086768002  7.746857104162785e-06  0.01374176815509343
3.456  3.73769  2.045416666666659  0.486111111109669  3.737688409692367  2.045431159030764  0.4954568840969235  7.085236793075151e-06  0.01886293901090749
3.48  3.78692  2.057291666666663  0.5034722222232068  3.786921335006909  2.057307866499309  0.494269213350069  7.874287028540771e-06  0.01861942565825895
3.504  3.83644  2.069166666666666  0.486111111109669  3.836438959524997  2.069156104047499  0.49308438959525  5.104795692629767e-06  0.01414216031317699
3.528  3.88624  2.081041666666661  0.5034722222216648  3.886240600787829  2.080975939921217  0.4919024060078783  3.158457730487569e-05  0.0235205521918125
3.552  3.93633  2.09270833333333  0.4687500000007571  3.936325577972525  2.092767442202748  0.4907232557797253  2.82443563607427e-05  0.04477728642400319
3.576  3.98669  2.104375000000008  0.5034722222232068  3.986693211888223  2.104530678811178  0.4895469321188822  7.397317261126497e-05  0.02844526069043548
3.6  4.03734  2.116249999999994  0.486111111108127  4.037342824972171  2.116265717502783  0.4883734282497217  7.426998726608699e-06  0.004632351005873923
3.624  4.08827  2.128124999999997  0.5034722222247487  4.088273741285818  2.127972625871418  0.4872027374128581  7.160530484564656e-05  0.03339366461339022
3.648  4.13949  2.139791666666667  0.4687499999976731  4.139485286510904  2.139651471348909  0.4860348528651091  6.55225019751316e-05  0.03556299052535868
3.672  4.19098  2.151249999999992  0.4861111111112109  4.19097678794563  2.151302321205436  0.4848697678794563  2.432071258811567e-05  0.002560158034153155
3.696  4.24275  2.162916666666679  0.4861111111112109  4.242747574500726  2.162925242549928  0.4837074757450072  3.964946675070131e-06  0.004969192097975466
3.72  4.2948  2.174375000000004  0.4687500000007571  4.294796976695565  2.174520302330444  0.4825479697669556  6.682040645169817e-05  0.02859398573961918
3.744  4.34712  2.186041666666695  0.5034722222216833  4.347124326654423  2.186087567334559  0.4813912432665441  2.099671968741851e-05  0.04586909143860979
3.768  4.39973  2.197708333333324  0.4687500000007571  4.399728958102486  2.197627104189752  0.4802372895810247  3.696220501534324e-05  0.02392002834742284
3.792  4.45261  2.209166666666667  0.4861111111112109  4.452610206362124  2.209138979363789  0.4790861020636211  1.253307425991156e-05  0.01466335386756198
3.816  4.50577  2.220624999999993  0.4687500000007571  4.505767408349001  2.2206232591651  0.47793767408349  7.839397725381623e-07  0.01922358202950094
3.84  4.5592  2.232083333333336  0.4861111111142949  4.559199902568295  2.232080009743171  0.4767919990256829  1.489010318286729e-06  0.01954544561917027
3.864  4.61291  2.24354166666668  0.4687499999976731  4.612907029110858  2.243509297088915  0.4756490702911085  1.442810056874449e-05  0.01450453858600627
3.888  4.66689  2.254791666666661  0.4687500000007571  4.666888129649408  2.254911187035058  0.4745088812964941  5.300446824010769e-05  0.01213650897324002
3.912  4.72114  2.266249999999986  0.4861111111112109  4.721142547434795  2.266285745256521  0.4733714254743479  1.577261676290159e-05  0.02691266297727435
3.936  4.77567  2.27770833333333  0.4687500000007571  4.775669627292103  2.277633037270789  0.4722366962729211  3.305890866036946e-05  0.007383365798724149
3.96  4.83047  2.288958333333329  0.4687500000007571  4.830468715617044  2.288953128438296  0.4711046871561704  2.273919447704191e-06  0.004998224852372867
3.984  4.88554  2.300208333333329  0.4687500000007571  4.885539160372048  2.300246083962795  0.4699753916037205  1.641156123669639e-05  0.002607352693046121
4.008  4.94088  2.311458333333329  0.4687500000007571  4.940880311082537  2.311511968891746  0.4688488031108254  2.320366891397936e-05  0.0002107355493129277
4.032  4.99649  2.322708333333328  0.4687500000007571  4.996491518833253  2.322750848116674  0.4677249151883325  1.830363483877479e-05  0.002191640383347601
4.056  5.05237  2.333958333333347  0.4687500000007571  5.052372136264438  2.333962786373556  0.4666037213626444  1.907931109896251e-06  0.004599788942627491
4.08  5.10852  2.345208333333328  0.4687499999976731  5.108521517568136  2.345147848243187  0.4654852151756813  2.579158929644835e-05  0.007013723992844001
4.104  5.16494  2.356249999999984  0.4513888888903033  5.164939018484461  2.356306098151554  0.4643693901848446  2.380766726947058e-05  0.02795296496475437
4.128  5.22162  2.367500000000002  0.4861111111112109  5.221623996297922  2.367437600370207  0.4632562399629793  2.635745490631075e-05  0.04933526885694638
4.152  5.27858  2.378541666666676  0.4340277777798495  5.278575809833697  2.37854241901663  0.462145758098337  3.16307141666617e-07  0.06084223391812343
4.176  5.33579  2.389583333333332  0.486111111108127  5.335793819453897  2.38962061805461  0.4610379381945389  1.560277853174457e-05  0.0543841858476476
4.2  5.39328  2.400833333333332  0.4513888888903033  5.393277387053971  2.400672261294603  0.4599327738705397  6.709455568989452e-05  0.0185763778222105
4.224  5.45103  2.411666666666662  0.4513888888872193  5.451025876058964  2.411697412394104  0.4588302587605896  1.274858416491596e-05  0.01621813237311585
4.248  5.50904  2.422708333333317  0.4687500000007571  5.509038651419843  2.422696134858015  0.4577303865141985  5.03508266152219e-06  0.02407446350782492
4.272  5.56732  2.433541666666666  0.4340277777767655  5.567315079609926  2.433668492039008  0.4566331507960992  5.211283819316495e-05  0.04950445008191637
4.296  5.62585  2.44458333333334  0.4861111111112109  5.625854528621105  2.44461454713789  0.455538545286211  1.276839515927005e-05  0.06711301632179439
4.32  5.68466  2.455624999999996  0.4340277777767655  5.684656367960315  2.455534363203968  0.4544465636796031  3.69112309669931e-05  0.04493110419299687
4.344  5.74372  2.466250000000001  0.4513888888903033  5.743719968645863  2.466428003135414  0.4533571996864585  7.21704161593161e-05  0.004341633479112195
4.368  5.80304  2.477291666666675  0.4687499999976731  5.803044703203767  2.477295529679624  0.4522704470320376  1.55936702052608e-06  0.03643738624484614
4.392  5.86263  2.488333333333331  0.4513888888872193  5.862629945664196  2.488137005433581  0.4511862994566419  7.89055824987073e-05  0.0004490150317538759
4.416  5.92248  2.498958333333317  0.4340277777767655  5.922475071557869  2.498952492844214  0.4501047507155786  2.337174924544404e-06  0.03571829204924822
4.44  5.98258  2.509583333333322  0.4513888888903033  5.982579457912394  2.509742054208761  0.4490257945791238  6.324190773830805e-05  0.005262713945853326
4.464  6.04294  2.520416666666671  0.4513888888903033  6.042942483248737  2.520505751675127  0.4479494248324873  3.534410044358361e-05  0.007678241933455154
4.488  6.10356  2.531250000000095  0.4513888888903367  6.103563527577649  2.531243647242236  0.4468756352757763  2.509737798745438e-06  0.0100995741505914
4.512  6.16444  2.542083333333331  0.4513888888872193  6.16444197239602  2.541955802760398  0.4458044197239601  5.01702558300354e-05  0.01252672453700009
4.536  6.22558  2.552708333333336  0.4340277777767655  6.225577200683404  2.552642279931659  0.4447357720068341  2.587648187015628e-05  0.02407720472259207
4.56  6.28697  2.563333333333341  0.4513888888903033  6.286968596898433  2.563303140310156  0.4436696859689843  1.177895142809148e-05  0.01739853581490482
4.584  6.34862  2.573958333333327  0.4340277777767655  6.348615546975239  2.573938445302476  0.4426061554697524  7.726692488628777e-06  0.01938151466484329
4.608  6.41052  2.584374999999988  0.4340277777798495  6.410517438319971  2.584548256168002  0.4415451743831998  6.703537749803618e-05  0.01702520385111551
4.632  6.47267  2.594999999999993  0.4513888888872193  6.472673659807242  2.595132634019277  0.4404867365980723  5.110876320726595e-05  0.02475023964023427
4.656  6.53508  2.605833333333323  0.4513888888872193  6.535083601776549  2.605691639822345  0.4394308360177655  5.437846474736807e-05  0.0272125938585029
4.68  6.59775  2.616250000000003  0.4166666666693956  6.597746656028903  2.616225334397108  0.4383774665602891  9.427935189712694e-06  0.04952535553719591
4.704  6.66066  2.626666666666682  0.4513888888903033  6.660662215823208  2.626733778417679  0.4373266221582321  2.554950621487166e-05  0.03215506676148142
4.728  6.72383  2.637291666666668  0.4340277777767655  6.723829675872793  2.63721703241272  0.436278296758728  2.830038371164213e-05  0.005158448171000997
4.752  6.78725  2.64770833333333  0.4340277777798495  6.787248432341926  2.647675156765806  0.4352324843234194  1.25304524003491e-05  0.002767961002365575
4.776  6.85092  2.65812499999999  0.4340277777767655  6.850917882842381  2.658108211715763  0.4341891788284237  6.315876890824621e-06  0.0003717297885998645
4.8  6.91484  2.668541666666651  0.4340277777798495  6.91483742642987  2.668516257357014  0.4331483742642986  9.521886766378053e-06  0.00203025930097174
4.824  6.97901  2.678750000000005  0.4166666666663117  6.979006463600683  2.678899353639932  0.4321100646360068  5.575186679697295e-05  0.03573950072813974
4.848  7.04342  2.689166666666666  0.4513888888872193  7.043424396288202  2.68925756037118  0.431074243962882  3.379880969881853e-05  0.04712562907397128
4.872  7.10809  2.699583333333327  0.4166666666663117  7.10809062785944  2.699590937214056  0.4300409062785943  2.816678862227595e-06  0.03109992425608545
4.896  7.173  2.710000000000006  0.4513888888903033  7.173004563111562  2.709899543688843  0.4290100456311157  3.707012364971226e-05  0.05216391431176427
4.92  7.23817  2.720208333333323  0.3993055555527739  7.238165608268616  2.720183439173139  0.4279816560826861  9.151647578402415e-06  0.06700310661065338
4.944  7.30357  2.730416666666659  0.4513888888903033  7.30357317097787  2.730442682902212  0.4269557317097788  9.528211566695404e-06  0.05722644144553327
4.968  7.36923  2.740833333333338  0.4166666666663117  7.369226660306651  2.740677333969334  0.4259322666030665  5.692000370521908e-05  0.02175369339977622
4.992  7.43513  2.750833333333329  0.4166666666663117  7.435125486738769  2.750887451326125  0.4249112548673876  1.96729214672159e-05  0.01940308265934016
5.016  7.50127  2.761041666666665  0.4340277777798495  7.501269062171147  2.761073093782885  0.4238926906217114  1.13822108841763e-05  0.02390955867456266
5.04  7.56766  2.77125  0.4166666666663117  7.567656799910537  2.771234320008947  0.4228765679991053  5.658125312574976e-06  0.0146849028835448
5.064  7.63429  2.781249999999992  0.4166666666663117  7.634288114669999  2.781371188533  0.4218628811467  4.357150656753199e-05  0.01231730667145686
5.088  7.70116  2.791458333333327  0.4340277777798495  7.701162422565645  2.791483757743435  0.4208516242256564  9.107848124785345e-06  0.03130831104296303
5.112  7.76828  2.801666666666663  0.4166666666663117  7.768279141113197  2.80157208588868  0.419842791411132  3.375989447453741e-05  0.007565033412018349
5.136  7.83564  2.811666666666673  0.4166666666693956  7.835637689224683  2.811636231077532  0.4188363768922468  1.082486731537292e-05  0.005180328984197498
5.16  7.90324  2.821666666666664  0.4166666666632277  7.903237487205061  2.821676251279494  0.4178323748720505  3.396779777880341e-06  0.002789894414428276
5.184  7.97108  2.831666666666674  0.4166666666693956  7.9710779567489  2.831692204325111  0.4168307795674889  9.018514935281068e-06  0.0003937158821705704
5.208  8.039160000000001  2.841666666666684  0.4166666666632277  8.039158520936979  2.841684147906301  0.4158315852093698  6.151718033153217e-06  0.002008220355453399
5.232  8.107480000000001  2.851666666666657  0.4166666666693956  8.107478604233137  2.851652139576686  0.4148347860423314  5.094271411926875e-06  0.004415928192862084
5.256  8.17604  2.861666666666649  0.4166666666632277  8.176037632480742  2.861596236751926  0.4138403763248074  2.461210768240486e-05  0.00682942143905759
5.28  8.24484  2.871458333333315  0.3993055555589418  8.24483503289953  2.871516496710047  0.4128483503289953  2.025528211274265e-05  0.03280331569512461
5.304  8.31387  2.881249999999981  0.4166666666693956  8.313870234082259  2.881412976591775  0.4118587023408226  5.656134442291046e-05  0.01167381993204639
5.328  8.383139999999999  2.891250000000009  0.4166666666693956  8.383142665991386  2.891285733400861  0.4108714266599139  1.23590001634258e-05  0.01410475305278057
5.352  8.45265  2.901250000000001  0.4166666666632277  8.452651759955884  2.901134824004411  0.4098865175995589  3.970032507167945e-05  0.01654152740464806
5.376  8.522399999999999  2.911041666666667  0.3993055555589418  8.522396948667847  2.910960305133216  0.4089039694866784  2.795006627451373e-05  0.02347351614068713
5.4  8.59238  2.920625000000007  0.3993055555527739  8.592377666179289  2.920762233382073  0.4079237766617927  4.69854685522876e-05  0.02112703794700401
5.424  8.66259  2.930416666666674  0.4166666666693956  8.662593347898849  2.930540665210115  0.4069459334789884  4.231251417652417e-05  0.02388703852451465
5.448  8.733040000000001  2.940416666666665  0.4166666666632277  8.733043430588623  2.940295656941138  0.4059704343058862  4.115563182954788e-05  0.02634731855690318
5.472  8.80373  2.949999999999969  0.381944444448488  8.803727352360795  2.950027264763921  0.4049972735236079  9.242207445853876e-06  0.05692094881171139
5.496  8.874639999999999  2.959583333333456  0.4166666666694264  8.874644552674482  2.959735544732551  0.4040264455267449  5.142736463936415e-05  0.03128562816278523
5.52  8.945790000000001  2.969583333333337  0.4166666666632277  8.945794472332523  2.969420552766747  0.4030579447233252  5.481896676385429e-05  0.03376368613511414
5.544  9.01718  2.979166666666641  0.3819444444423201  9.017176553478151  2.979082344652186  0.4020917655347814  2.830469409704774e-05  0.05010627627667383
5.568  9.088789999999999  2.988541666666656  0.3993055555589418  9.088790239591887  2.988720976040812  0.4011279023959189  5.999535439834438e-05  0.004543056780872828
5.592  9.160629999999999  2.998333333333359  0.4166666666693956  9.160634975488307  2.998336502451169  0.4001663497548831  1.056958685897555e-06  0.04123364426973832
5.616  9.232710000000001  3.008125000000025  0.3993055555527739  9.232710207312834  3.007928979268716  0.3992071020731283  6.51680051823009e-05  0.0002466225654159548
5.64  9.305020000000001  3.017499999999967  0.3819444444423201  9.305015382538528  3.017498461746148  0.3982501538253852  5.097778303750418e-07  0.0409433850218033
5.664  9.377549999999999  3.026874999999982  0.3993055555589418  9.377549949962926  3.027045005003707  0.3972954994996292  5.6162033747315e-05  0.005059347669037637
5.688  9.45031  3.036666666666685  0.4166666666693956  9.450313359704879  3.036568664029512  0.3963431335970488  3.227413835030128e-05  0.05127762120639934
5.712  9.52331  3.046041666666663  0.3645833333318662  9.523305063201377  3.046069493679862  0.3953930506320137  9.135383567976441e-06  0.07792174710936337
5.736  9.59652  3.055416666666641  0.4166666666693956  9.596524513204344  3.055547548679566  0.3944452451320434  4.283422556490666e-05  0.05633588390681044
5.76  9.669969999999999  3.064999999999982  0.3819444444423201  9.669971163777575  3.065002883622243  0.3934997116377757  9.408220384987582e-07  0.02936537652686385
5.784  9.743639999999999  3.074374999999997  0.3993055555589418  9.743644470293489  3.074435552970651  0.3925564447029349  1.969563830850033e-05  0.01719271444165002
5.808  9.817539999999999  3.083958333333337  0.3993055555527739  9.817543889430098  3.08384561105699  0.3916154388943009  3.655250312892684e-05  0.01963690880059638
5.832  9.89167  3.093333333333352  0.381944444448488  9.891668879167781  3.093233112083221  0.3906766887916778  3.240016077009314e-05  0.02235158788254755
5.856  9.96602  3.102500000000005  0.3819444444423201  9.966018898786217  3.102598110121377  0.3897401889878622  3.162192391334707e-05  0.02000241382801029
5.88  10.04059  3.111874999999984  0.3993055555527739  10.04059340886127  3.111940659113873  0.3888059340886127  2.109908930837438e-05  0.02700478707654741
5.904  10.11539  3.121249999999999  0.381944444448488  10.11539187126186  3.121260812873814  0.3878739187126186  3.464264751728923e-06  0.01528711774127789
5.928  10.19041  3.130625000000014  0.3993055555589418  10.19041374914687  3.130558625085313  0.3869441374914687  2.120225897341529e-05  0.03194626011809184
5.952  10.26566  3.139999999999992  0.3819444444423201  10.26565850696205  3.139834149303795  0.3860165850696205  5.282148301793022e-05  0.01054913385798177
5.976  10.34113  3.148958333333319  0.3645833333380341  10.34112561043696  3.149087438956305  0.3850912561043695  4.099778919715421e-05  0.05325470895858832
6  10.41681  3.158125000000009  0.3993055555527739  10.41681452658185  3.158318547341815  0.3841681452658184  6.128176715085655e-05  0.03940308553298024
6.024  10.49272  3.16770833333335  0.3993055555527739  10.49272472368463  3.167527527631536  0.3832472472368463  5.708101989197487e-05  0.04190064881536778
6.048  10.56886  3.176875000000002  0.3645833333318662  10.56885567130777  3.176714432869222  0.3823285567130777  5.054503140680695e-05  0.04641354423998367
6.072  10.64521  3.18583333333333  0.381944444448488  10.64520684028531  3.185879315971469  0.3814120684028531  1.443326428257916e-05  0.001395802833046652
6.096  10.72178  3.194999999999982  0.3819444444423201  10.72177770271968  3.195022229728032  0.3804977770271968  6.95761295275092e-06  0.003802039072149109
6.12  10.79857  3.204166666666635  0.381944444448488  10.79856773197884  3.204143226802117  0.3795856773197883  7.315485875066403e-06  0.006214057246191928
6.144  10.87558  3.213124999999999  0.3645833333380341  10.87557640269306  3.213242359730695  0.3786757640269305  3.652377180339947e-05  0.03721503203435579
6.168  10.9528  3.222291666666689  0.3993055555589418  10.95280319075206  3.222319680924794  0.3777680319075205  8.693817150284764e-06  0.05701256282239838
6.192  11.03025  3.231458333333341  0.3645833333318662  11.03024757330189  3.231375242669811  0.3768624757330188  2.571371545862972e-05  0.03258255515428806
6.216  11.10791  3.240416666666669  0.3819444444423201  11.10790902874191  3.240409097125807  0.3759590902874192  2.335983091747213e-06  0.01592022725218611
6.24  11.18579  3.249374999999996  0.3645833333318662  11.18578703672193  3.249421296327808  0.3750578703672192  1.424756090067796e-05  0.02792778891720732
6.264  11.26388  3.258333333333323  0.3819444444423201  11.26388107813895  3.258411892186106  0.3741588107813894  2.410955256175781e-05  0.02080836649194822
6.288  11.34219  3.267499999999976  0.3819444444423201  11.34219063513443  3.267380936486557  0.3732619063513442  3.644004654881555e-05  0.02326124885297872
6.312  11.42072  3.276249999999977  0.3472222222214124  11.42071519109118  3.276328480890884  0.3723671519109116  2.395391407308203e-05  0.06752724981368673
6.336  11.49945  3.285208333333342  0.3993055555589418  11.49945423063036  3.285254576936965  0.3714745423063035  1.407610964090931e-05  0.07492037833830868
6.36  11.57841  3.294166666666669  0.3472222222214124  11.57840723960862  3.294159276039138  0.3705840723960862  2.24355500494895e-06  0.06304062131872797
6.384  11.65757  3.302916666666671  0.3819444444423201  11.65757370511504  3.303042629488496  0.3696957370511504  3.813539089689247e-05  0.03313185996914801
6.408  11.73695  3.311874999999998  0.3645833333318662  11.73695311546822  3.311904688453178  0.3688095311546822  8.96416291293593e-06  0.01145902550182066
6.432  11.81654  3.320833333333325  0.3819444444423201  11.81654496021332  3.320745503978668  0.3679254496021332  2.644868586041603e-05  0.03810281364158613
6.456  11.89635  3.329583333333327  0.3472222222214124  11.8963487301191  3.32956512698809  0.367043487301191  5.468085032973107e-06  0.05400249770271373
6.48  11.97636  3.338333333333453  0.3819444444423483  11.97636391717506  3.338363608282495  0.3661636391717505  9.068799146635992e-06  0.04309768524885051
6.504  12.05659  3.347291666666656  0.3645833333318662  12.05659001458841  3.347140998541159  0.3652859001458841  4.501397627495e-05  0.001923334061723392
6.528  12.13703  3.355833333333333  0.3472222222214124  12.13702651678125  3.355897348321876  0.3644102651678124  1.907537147266148e-05  0.04716673647622086
6.552  12.21767  3.364583333333334  0.3819444444423201  12.21767291938755  3.364632708061244  0.3635367291938756  1.467462638374735e-05  0.05063509068055561
6.576  12.29853  3.373333333333336  0.3472222222214124  12.29852871925041  3.373347128074959  0.3626652871925041  4.089333560713849e-06  0.04258214258839287
6.6  12.37959  3.382083333333338  0.3819444444423201  12.37959341441895  3.382040658558105  0.3617959341441895  1.261805505653328e-05  0.05569026182063349
6.624  12.46087  3.39083333333334  0.3472222222214124  12.46086650414557  3.390713349585442  0.3609286650414558  3.538598976885997e-05  0.03797548975077679
6.648  12.54235  3.399375000000016  0.3645833333318662  12.54234748888308  3.399365251111693  0.3600634748888307  2.867855497592037e-06  0.01255294901664503
6.672  12.62404  3.407916666666656  0.3472222222214124  12.62403587028165  3.407996412971836  0.3592003587028164  2.33997620643847e-05  0.0333466718258878
6.696  12.70593  3.416458333333295  0.3645833333318662  12.70593115118615  3.416606884881385  0.3583393115118615  4.347926264125608e-05  0.01742488646769093
6.72  12.78803  3.425208333333334  0.3645833333380341  12.78803283563315  3.425196716436685  0.3574803283563315  3.391599843983772e-06  0.01986963874169449
6.744  12.87034  3.43375000000001  0.3472222222152445  12.87034042884812  3.433765957115187  0.3566234042884812  4.647117880630995e-06  0.02636165198409654
6.768  12.95285  3.442291666666649  0.3645833333318662  12.95285343724257  3.442314656275743  0.3557685343724257  6.678532147500213e-06  0.02477678070937277
6.792  13.03557  3.450833333333326  0.3472222222214124  13.03557136841117  3.450842863158883  0.3549157136841117  2.761593597573211e-06  0.02167695361481463
6.816  13.11849  3.459375000000002  0.3645833333318662  13.11849373112898  3.459350626887102  0.3540649373112898  7.04557459742375e-06  0.02970753359666553
6.84  13.20162  3.467916666666679  0.3472222222214124  13.20162003534858  3.467837996465142  0.3532162003534858  2.268566225323249e-05  0.01696971465656108
6.864  13.28495  3.476249999999992  0.3472222222214124  13.28494979219724  3.476305020780276  0.3523694979219724  1.582737416725891e-05  0.01460760857825385
6.888  13.36848  3.484791666666669  0.3645833333318662  13.36848251397413  3.484751748602588  0.3515248251397412  1.145506680564288e-05  0.03714818202934565
6.912  13.45222  3.493124999999983  0.3298611111047907  13.45221771414748  3.493178228585252  0.3506821771414748  1.523786700435267e-05  0.05937303745061533
6.936  13.53615  3.501458333333334  0.3645833333380341  13.53615490735183  3.501584509264818  0.3498415490735182  3.603395295759624e-05  0.04213846040745133
6.96  13.62029  3.51000000000001  0.3472222222214124  13.62029360938516  3.509970639061484  0.3490029360938516  8.365009723739914e-06  0.005102289087792396
6.984  13.70463  3.518333333333324  0.3472222222275803  13.70463333720618  3.518336666279382  0.3481663333720617  9.473073144597475e-07  0.002711666964859836
7.008  13.78917  3.526666666666675  0.3472222222214124  13.78917360893146  3.526682639106852  0.3473317360893147  4.529026797159411e-06  0.0003153004938027031
7.032  13.87391  3.534999999999989  0.3472222222214124  13.8739139438328  3.535008605616721  0.3464991394383279  2.434397675420467e-06  0.002086824181602986
7.056  13.95885  3.54333333333334  0.3472222222275803  13.95885386233422  3.543314613766577  0.3456685386233423  5.283066507766744e-06  0.004494720897729695
7.08  14.04399  3.551666666666653  0.3472222222214124  14.04399288600948  3.551600711399052  0.3448399288600948  1.857057506210722e-05  0.006908403470539353
7.104  14.12933  3.559999999999968  0.3472222222214124  14.12933053757911  3.55986694624209  0.3440133053757909  3.737604800585464e-05  0.009327885856380272
7.128  14.21487  3.568124999999993  0.3298611111109586  14.21486634090772  3.568113365909228  0.3431886634090772  3.260572064942984e-06  0.03883447712325031
7.152  14.3006  3.576250000000019  0.3472222222214124  14.30059982100136  3.576340017899864  0.3423659982100136  2.517039750001526e-05  0.0141843057920137
7.176  14.38653  3.584583333333332  0.3472222222214124  14.38653050400461  3.584546949599538  0.3415453050400462  1.015016243509647e-05  0.01662127131479844
7.2  14.47266  3.592708333333321  0.3298611111109586  14.47265791719801  3.592734208280198  0.3407265791719802  7.20202090595054e-06  0.03188911204821895
7.224  14.55898  3.600833333333346  0.3472222222214124  14.55898158899521  3.600901841100479  0.3399098158899521  1.902516929247447e-05  0.02151278365502611
7.248  14.6455  3.60916666666666  0.3472222222214124  14.64550104894036  3.609049895105965  0.3390950104894035  3.235520818205051e-05  0.02396735864759323
7.272  14.73222  3.617291666666648  0.3298611111109586  14.73221582770528  3.617178417229472  0.3382821582770527  3.130877831091254e-05  0.02489355988794811
7.296  14.81913  3.625208333333349  0.3298611111109586  14.8191254570869  3.62528745429131  0.337471254570869  2.182474050913237e-05  0.02255049387713799
7.32  14.90623  3.633333333333337  0.3472222222214124  14.90622947000446  3.633377052999554  0.3366622947000446  1.203279086627855e-05  0.03136652867757694
7.344  14.99353  3.641458333333325  0.3298611111171265  14.99352740049684  3.641447259950315  0.3358552740049685  3.04092911955212e-06  0.01784745797308313
7.368  15.08102  3.649374999999988  0.3298611111109586  15.08101878371991  3.649498121628008  0.3350501878371992  3.373659169446608e-05  0.0154874610270686
7.392  15.1687  3.657499999999977  0.3472222222275803  15.16870315594382  3.657529684405618  0.3342470315594382  8.115971216219963e-06  0.03881916499783419
7.416  15.25658  3.665625000000003  0.3298611111109586  15.25658005455031  3.665541994544969  0.3334458005455031  2.264479718342918e-05  0.0107504410872176
7.44  15.34465  3.673541666666666  0.3298611111109586  15.34464901803011  3.673535098196989  0.3326464901803011  1.788051427706101e-06  0.00837339082649822
7.464  15.43291  3.681458333333329  0.3298611111109586  15.43290958598023  3.681509041401978  0.3318490958598022  1.377371835275024e-05  0.005990628793768132
7.488  15.52136  3.689375000000128  0.329861111110983  15.5213612991013  3.68946387008987  0.331053612991013  2.408753490239071e-05  0.003602141264238002
7.512  15.61  3.697500000000017  0.3472222222214124  15.61000369919498  3.697399630080501  0.3302600369919499  2.714608361496852e-05  0.05136009001862971
7.536  15.69884  3.70541666666668  0.3125000000005048  15.69883632916128  3.70531636708387  0.3294683632916129  2.706910095475028e-05  0.0515022538782865
7.56  15.78786  3.713124999999981  0.3298611111109586  15.78785873299594  3.713214126700405  0.3286785873299595  2.400257496154116e-05  0.003597812046733539
7.584  15.87707  3.721041666666644  0.3298611111109586  15.87707045578777  3.721092954421222  0.3278907045578778  1.378298129249179e-05  0.006009339471021742
7.608  15.96647  3.728958333333307  0.3298611111109586  15.9664710437161  3.728952895628391  0.3271047104371609  1.458239100325794e-06  0.008426661511886728
7.632  16.05606  3.736875000000007  0.3298611111171265  16.05606004404805  3.736793995595195  0.3263206004404804  2.167751417575801e-05  0.0108497921120116
7.656  16.14584  3.744583333333381  0.3125000000005048  16.14583700513609  3.744616299486392  0.3255383700513608  8.803613073798219e-06  0.04005171509828157
7.68  16.2358  3.752291666666645  0.3298611111047907  16.23580147641528  3.752419852358473  0.3247580147641527  3.416080739144818e-05  0.01571353472013304
7.704  16.32595  3.760208333333308  0.3298611111171265  16.32595300840075  3.760204699159925  0.3239795300840075  9.664828575645385e-07  0.01815417483812601
7.728  16.41629  3.768125000000045  0.3298611111047907  16.41629115268513  3.767970884731486  0.3232029115268514  4.090139581039944e-05  0.02060067945082892
7.752  16.50682  3.775833333333308  0.3124999999881689  16.50681546193591  3.775718453806408  0.3224281546193591  3.042587213670273e-05  0.03079183529400794
7.776  16.59753  3.78333333333332  0.3125000000005048  16.59752548989292  3.783447451010709  0.321655254898929  3.016235295104431e-05  0.02846294210645201
7.8  16.68842  3.791041666666658  0.3298611111047907  16.68842079136564  3.791157920863435  0.3208842079136565  3.066456191071967e-05  0.02797552191645937
7.824  16.7795  3.798958333333321  0.3298611111171265  16.77950092223087  3.798849907776913  0.3201150092223086  2.854167946606078e-05  0.03044562614697492
7.848  16.87077  3.806458333333333  0.295138888883883  16.8707654394299  3.80652345605701  0.319347654394299  1.710818925156858e-05  0.07580693071421596
7.872  16.96221  3.81416666666667  0.3472222222337482  16.96221390096616  3.814178609903384  0.3185821390096616  3.131273580732473e-06  0.08989858412375736
7.896  17.05385  3.821875000000008  0.295138888883883  17.05384586590257  3.821815413409743  0.3178184586590257  1.559117430329834e-05  0.07136014022229796
7.92  17.14566  3.82937500000002  0.3298611111171265  17.14566089435904  3.829433910564096  0.3170566089435904  1.538362208400963e-05  0.04038553940319914
7.944  17.23766  3.837083333333358  0.3124999999881689  17.23765854750991  3.837034145249008  0.3162965854750992  1.281929805367113e-05  0.01200324524916246
7.968  17.32984  3.844583333333296  0.3125000000005048  17.32983838758147  3.844616161241851  0.3155383838758148  8.538669968154583e-06  0.009629205290301177
7.992  17.4222  3.852083333333308  0.3125000000005048  17.4221999778494  3.85218000221506  0.314781999778494  2.509459103579639e-05  0.007249460831924973
8.016  17.51474  3.859791666666788  0.3298611111048151  17.51474288263623  3.859725711736378  0.3140274288263622  1.708798379375886e-05  0.0504213352879055
8.039999999999999  17.60747  3.867291666666515  0.2951388888838611  17.60746666730887  3.867253333269113  0.3132746666730887  9.912305736967116e-06  0.05789098104173471
8.064  17.70037  3.874791666666813  0.3298611111171509  17.70037089827613  3.874762910172387  0.3125237089827613  7.421484899278767e-06  0.0554754779751636
8.087999999999999  17.79346  3.882291666666538  0.2951388888961969  17.79345514298618  3.882254485701382  0.3117745514298618  9.577158141738599e-06  0.05335798722945886
8.112  17.88672  3.889583333333513  0.3125000000005279  17.88671896992403  3.889728103007596  0.3110271896992404  3.721845595617343e-05  0.004735310448940738
8.135999999999999  17.98016  3.897083333333163  0.3124999999881458  17.98016194860917  3.897183805139083  0.3102816194860917  2.578061773411573e-05  0.007149571108105949
8.16  18.07378  3.904583333333464  0.3125000000005279  18.07378364959291  3.904621635040709  0.309537836495929  9.809326184670512e-06  0.009569633031397707
8.183999999999999  18.16758  3.912083333333186  0.3125000000004816  18.16758364445604  3.912041635554395  0.3087958364445605  1.065882796649752e-05  0.01199551003851082
8.208  18.26156  3.919583333333488  0.3125000000128637  18.26156150580636  3.919443849419364  0.3080556150580635  3.558768016141778e-05  0.01442721618290404
8.231999999999999  18.35572  3.926874999999884  0.2951388888838611  18.35571680727611  3.926828319272389  0.3073171680727611  1.188764155192899e-05  0.03962772163127772
8.256  18.45005  3.934166666666788  0.3125000000005279  18.45004912351963  3.934195087648036  0.3065804912351963  7.224090472084734e-06  0.01930817170225723
8.279999999999999  18.54456  3.941458333333183  0.2951388888961969  18.54455803021088  3.941544196978912  0.3058455803021088  2.17842656171186e-05  0.03500685344328346
8.304  18.63924  3.948750000000162  0.3125000000005279  18.63924310404094  3.948875689595906  0.3051124310404094  3.182921054590959e-05  0.02421261216702141
8.327999999999999  18.7341  3.956249999999808  0.3124999999881458  18.73410392271563  3.956189607728436  0.3043810392271564  1.526526212327081e-05  0.02667367448906795
8.352  18.82914  3.963541666666787  0.2951388888962406  18.82914006495308  3.963485993504692  0.3036514006495308  1.404651415100996e-05  0.02803383002706827
8.375999999999999  18.92435  3.97083333333318  0.3124999999881458  18.92435111048125  3.970764888951874  0.3029235111048126  1.723707729374548e-05  0.03161355435372489
8.4  19.01974  3.978125000000161  0.2951388888962406  19.01973664003557  3.978026335996442  0.3021973664003558  2.480225000680825e-05  0.02335717742412078
8.423999999999999  19.1153  3.985208333333228  0.2951388888838611  19.1152962353565  3.98527037646435  0.301472962353565  1.55681108836227e-05  0.02101041970813714
8.448  19.21103  3.992500000000136  0.3125000000005279  19.21102947918709  3.992497052081291  0.3007502947918709  7.383646890985536e-07  0.03906797569986811
8.472  19.30694  3.999791666666527  0.2951388888961969  19.30693595527062  3.999706404472937  0.3000293595527063  2.13171130496096e-05  0.01629997365524562
8.496  19.40302  4.00687500000011  0.2951388888839048  19.40301524834823  4.006898475165178  0.2993101524834822  5.858687264811615e-06  0.01393625830920508
8.52  19.49927  4.013958333333174  0.2951388888961969  19.4992669441564  4.01407330558436  0.2985926694415639  2.864228987204221e-05  0.01156686315114951
8.544  19.59569  4.021250000000158  0.3124999999881921  19.59569062942472  4.021230937057528  0.2978769062942472  4.740573950871705e-06  0.04909106206272974
8.568  19.69229  4.028333333333148  0.2777777777795765  19.69228589187344  4.028371410812656  0.2971628589187344  9.452325921567306e-06  0.06523386270307489
8.592000000000001  19.78905  4.035416666666808  0.3125000000005279  19.78905232021106  4.035494767978896  0.2964505232021105  1.935359022332924e-05  0.05413880409135043
8.616  19.88599  4.042708333333195  0.2951388888838611  19.88598950413198  4.042601049586802  0.2957398950413199  2.653829677413139e-05  0.002032211979296053
8.640000000000001  19.9831  4.049583333333456  0.2777777777672818  19.98309703431423  4.049690296568577  0.2950309703431423  2.641269511679678e-05  0.05847925916317799
8.664  20.08037  4.056666666666517  0.3125000000128174  20.08037450241696  4.056762549758304  0.2943237450241697  2.363537195245311e-05  0.06175599249443854
8.688000000000001  20.17782  4.063958333333505  0.2951388888839048  20.17782150107821  4.063817849892179  0.2936182150107821  3.456932532786592e-05  0.005179085613155599
8.712  20.27544  4.070833333333166  0.2777777777795765  20.27543762391247  4.070856237608751  0.2929143762391248  5.626402468819006e-06  0.05167584689387648
8.736000000000001  20.37322  4.077916666666829  0.3125000000005279  20.37322246550845  4.077877753449155  0.2922122246550845  9.542516972242831e-06  0.069428222482445
8.76  20.47118  4.084999999999813  0.2777777777795765  20.47117562142661  4.08488243785734  0.291511756214266  2.877981049928263e-05  0.0471129487642167
8.784000000000001  20.5693  4.091875000000152  0.2951388888962406  20.56929668819694  4.091870331180306  0.2908129668819694  1.140998973186106e-06  0.01487527210582384
8.808  20.66759  4.098749999999884  0.2777777777795765  20.66758526331661  4.098841473668339  0.2901158526331661  2.23169568871129e-05  0.04252809607474421
8.832000000000001  20.76604  4.10562500000015  0.2951388888962406  20.7660409452476  4.10579590547524  0.2894204094524759  4.162541904782328e-05  0.01975838350371655
8.856  20.86466  4.112708333333207  0.2951388888838611  20.86466333341446  4.112733666658555  0.2887266333341446  6.159729124471094e-06  0.02220874283632731
8.880000000000001  20.96345  4.119791666666799  0.2951388888839048  20.96345202820194  4.119654797179806  0.2880345202820193  3.322353297336519e-05  0.02466499013704854
8.904  21.06241  4.126666666666456  0.2777777777795765  21.06240663095275  4.126559336904726  0.2873440663095274  2.600950403642717e-05  0.03329210396725622
8.928000000000001  21.16153  4.133333333333471  0.2777777777796177  21.1615267439652  4.133447325603482  0.2866552674396518  2.757801443476998e-05  0.0309692186692613
8.952  21.26081  4.140208333333201  0.2951388888838611  21.26081197049092  4.140318802950908  0.2859681197049092  2.668142792000512e-05  0.03206920123968804
8.976000000000001  21.36026  4.147291666666795  0.2951388888839048  21.36026191473269  4.147173808526732  0.2852826191473267  2.841890538085658e-05  0.034549142061431
9  21.45988  4.153958333333506  0.2604166666753304  21.45987618184193  4.154012381815806  0.2845987618184194  1.301115098669237e-05  0.08496908064033562
9.023999999999999  21.55965  4.160833333333233  0.3124999999881458  21.55965437791669  4.160834562208331  0.2839165437791669  2.953434171217215e-07  0.1006755570792357
9.048  21.6596  4.167708333333429  0.2604166666629946  21.65959610999916  4.167640389000084  0.2832359610999916  1.630283013972788e-05  0.0805663742286629
9.071999999999999  21.7597  4.174374999999832  0.2951388888961969  21.75970098607351  4.174429901392648  0.2825570098607353  1.315183009723715e-05  0.04452863881049322
9.096  21.85997  4.181250000000176  0.2777777777796177  21.85996861506369  4.181203138493631  0.281879686150637  1.120766080796274e-05  0.01455198289396153
9.119999999999999  21.9604  4.187916666666503  0.2777777777795765  21.96039860683102  4.187960139316898  0.2812039860683103  1.038038781385127e-05  0.01218406729092917
9.144  22.06099  4.194583333333523  0.2777777777796177  22.06099057217207  4.194700942782793  0.2805299057217207  2.803762434421873e-05  0.009810461865100057
9.167999999999999  22.16174  4.201458333333174  0.2951388888838611  22.16174412281637  4.201425587718361  0.2798574412281638  7.793929495815097e-06  0.05460439997105021
9.192  22.26266  4.208125000000122  0.2604166666629946  22.26265887142421  4.208134112857579  0.2791865887142421  2.165533990287904e-06  0.0672307439182158
9.215999999999999  22.36373  4.214791666666521  0.2951388888961969  22.36373443158433  4.214826556841567  0.2785173443158432  8.277962230581734e-06  0.05967866963970687
9.24  22.46497  4.221666666666795  0.2777777777672818  22.46497041781177  4.221502958218823  0.2778497041781177  3.877965965966086e-05  0.0002588680490003754
9.263999999999999  22.56637  4.228124999999793  0.2604166666752918  22.56636644554565  4.228163355445435  0.2771836644554565  9.071420003979153e-06  0.06049056972063779
9.288  22.66792  4.234791666666816  0.2951388888962406  22.6679221311469  4.234807786885312  0.2765192213114688  3.806599804859414e-06  0.06733588897170668
9.311999999999999  22.76964  4.241458333333213  0.260416666662956  22.76963709189604  4.241436290810395  0.2758563709189605  5.196947757136895e-06  0.05597008401353988
9.336  22.87151  4.247916666666838  0.2777777777672818  22.87151094599113  4.248048905400887  0.2751951094599113  3.112928711368913e-05  0.009384862661401165
9.359999999999999  22.97354  4.25458333333316  0.2777777777795765  22.97354331254535  4.254645668745464  0.2745354331254535  1.465114069609614e-05  0.01181029573199516
9.384  23.07573  4.261250000000185  0.2777777777796177  23.07573381158495  4.261226618841505  0.2738773381158495  5.48695499481244e-06  0.01424155678816444
9.407999999999999  23.17808  4.267916666666506  0.2777777777672407  23.17808206404703  4.267791793595297  0.2732208206404703  2.925941031052013e-05  0.0166786598330545
9.432  23.28059  4.274375000000132  0.2604166666629946  23.28058769177733  4.274341230822267  0.2725658769177733  7.900440335007171e-06  0.04457348216939074
9.456  23.38325  4.280833333333201  0.2777777777795765  23.38325031752809  4.28087496824719  0.271912503175281  9.725795379980595e-06  0.02157044834571117
9.48  23.48607  4.287500000000154  0.2777777777796177  23.48606956495588  4.287393043504412  0.2712606956495588  2.494674378033223e-05  0.02402516189989524
9.504  23.58905  4.293958333333148  0.2604166666752918  23.58904505861935  4.293895494138065  0.2706104505861935  1.463454226326031e-05  0.03766958699791538
9.528  23.69218  4.300208333333451  0.2604166666629946  23.69217642397717  4.300382357602283  0.2699617642397718  4.046716183831577e-05  0.03535722032213223
9.552  23.79546  4.306874999999843  0.2951388888961969  23.79546328738584  4.306853671261415  0.2693146328738584  4.952278404783332e-06  0.09588879648598253
9.576000000000001  23.89891  4.313333333333547  0.2430555555587074  23.89890527609751  4.31330947239025  0.268669052760975  5.531933993954296e-06  0.09533475083583601
9.6  24.0025  4.319583333333139  0.2777777777795765  24.00250201825784  4.319749798174215  0.2680250201825784  3.85357599060969e-05  0.03638748946032909
9.624000000000001  24.10625  4.326250000000095  0.2777777777796177  24.10625314290391  4.32617468570961  0.267382531429039  1.740898044034122e-05  0.03887780662042783
9.648  24.21016  4.33270833333316  0.260416666662956  24.210158279962  4.3325841720038  0.26674158279962  2.865756888499042e-05  0.02371177403342951
9.672000000000001  24.31422  4.33895833333354  0.2604166666753304  24.31421706024554  4.338978293975448  0.2661021706024553  4.600309232950289e-06  0.0213658682837982
9.696  24.41843  4.345208333333204  0.260416666662956  24.41842911545291  4.34535708845471  0.265464291154529  3.423311789524943e-05  0.01901432569186738
9.720000000000001  24.52279  4.351666666666837  0.2777777777796177  24.52279407816538  4.351720592183463  0.2648279407816537  1.239176906768327e-05  0.0488990586104389
9.744  24.62731  4.358124999999825  0.260416666662956  24.62731158184496  4.358068841815504  0.2641931158184496  1.288602506289936e-05  0.01429427539697383
9.768000000000001  24.73198  4.364375000000133  0.2604166666753304  24.7319812608323  4.364401873916771  0.263559812608323  6.157525684885295e-06  0.01192574050605951
9.792  24.8368  4.370833333333195  0.2777777777795765  24.83680275034456  4.370719724965543  0.2629280275034457  2.599305716244671e-05  0.05647838466340822
9.816000000000001  24.94178  4.377083333333505  0.2430555555587074  24.94177568647338  4.377022431352662  0.2622977568647337  1.391402072929026e-05  0.07336014434904026
9.84  25.0469  4.38312499999984  0.2604166666752918  25.04689970618264  4.383310029381734  0.2616689970618266  4.221225070873006e-05  0.004785933376122579
9.864000000000001  25.15217  4.389583333333476  0.2777777777796177  25.15217444730658  4.389582555269341  0.2610417444730658  1.772524207516017e-07  0.06411247879274971
9.888  25.2576  4.395833333333136  0.2430555555586714  25.2575995485475  4.395840045145249  0.2604159954854751  1.526855400622482e-06  0.06666426113511127
9.912000000000001  25.36317  4.402083333333521  0.2777777777796177  25.36317464947383  4.402082535052616  0.2597917464947383  1.813416486705809e-07  0.06923249690399089
9.936  25.4689  4.40833333333318  0.2430555555463356  25.46889939051796  4.408310060948203  0.2591689939051796  5.279207826942337e-06  0.06217348038453756
9.960000000000001  25.57477  4.414583333333493  0.2777777777796177  25.57477341297424  4.414522658702577  0.2585477341297424  1.374432426943327e-05  0.07437715017926023
9.984  25.6808  4.420833333333478  0.2430555555463716  25.68079635899687  4.420720364100314  0.2579279635899686  2.555448521057881e-05  0.05766109202195648
10.008  25.78697  4.426874999999811  0.260416666662956  25.78696787159781  4.426903212840218  0.2573096787159782  6.373042068135222e-06  0.01207489730849738
10.032  25.89329  4.433125000000124  0.2604166666629946  25.89328759464486  4.433071240535515  0.2566928759464485  1.212691195153088e-05  0.01450679417111274
10.056  25.99976  4.439166666666456  0.2430555555586714  25.99975517285941  4.439224482714058  0.2560775517285941  1.302390717746521e-05  0.05085176768529956
10.08  26.10637  4.445208333333518  0.2604166666753304  26.10637025181457  4.445362974818543  0.2554637025181456  3.478714469466263e-05  0.01938813267154075
10.104  26.21313  4.451458333333174  0.260416666662956  26.21313247793299  4.451486752206701  0.2548513247793299  6.384130765380809e-06  0.02183760232929934
10.128  26.32004  4.45770833333349  0.2604166666753304  26.32004149848495  4.457595850151504  0.2542404149848496  2.52340467298807e-05  0.02429295787158329
10.152  26.4271  4.463749999999894  0.2430555555586714  26.42709696158624  4.463690303841375  0.2536309696158625  1.337372318757579e-05  0.04169606761038741
10.176  26.5343  4.46979166666681  0.2604166666506588  26.53429851619616  4.469770148380384  0.2530229851619616  4.814181873177692e-06  0.0292213827291797
10.2  26.64165  4.475833333333139  0.2430555555586714  26.64164581211547  4.475835418788452  0.2524164581211548  4.659365499842495e-07  0.03708515138894145
10.224  26.74914  4.481875000000205  0.2604166666629946  26.74913849998447  4.481886150001554  0.2518113849998447  2.487792187420226e-06  0.03417352103899215
10.248  26.85678  4.487916666666458  0.2430555555586714  26.85677623128083  4.487922376871916  0.2512077623128083  1.272349425479491e-06  0.03245204956678716
10.272  26.96456  4.493958333333451  0.2604166666753304  26.96455865831774  4.493944134168225  0.2506055865831775  3.159622105194157e-06  0.03914948675294821
10.296  27.07249  4.499999999999852  0.2430555555586714  27.07248543424183  4.499951456575817  0.2500048543424183  1.078754393301893e-05  0.02779665539705395
10.32  27.18056  4.50583333333352  0.2430555555587074  27.18055621303112  4.505944378696888  0.2494055621303111  2.46441931004713e-05  0.02546056518292868
10.344  27.28877  4.511874999999846  0.2604166666752918  27.28877064949316  4.511922935050684  0.2488077064949316  1.062408457059805e-05  0.04665836257204826
10.368  27.39713  4.51791666666684  0.2430555555463716  27.39712839926294  4.517887160073707  0.2482112839926293  6.531060225239403e-06  0.02077153126692971
10.392  27.50563  4.52374999999984  0.2430555555586714  27.50562911880091  4.52383708811991  0.247616291188009  1.925094082162703e-05  0.01841856045681094
10.416  27.61427  4.529791666666835  0.2604166666629946  27.61427246539107  4.529772753460894  0.2470227246539106  4.17531010280592e-06  0.05422149734543458
10.44  27.72306  4.53583333333316  0.2430555555586714  27.72305809713892  4.535694190286108  0.2464305809713892  3.067734313954035e-05  0.01369564361457903
10.464  27.83199  4.541458333333504  0.2256944444420844  27.83198567296955  4.541601432703045  0.2458398567296955  3.150857063549743e-05  0.0819452653267744
10.488  27.94105  4.547499999999828  0.2777777777795765  27.94105485262563  4.547494514737437  0.2452505485262563  1.206216384251381e-06  0.1326285688198484
10.512  28.05027  4.553541666666825  0.2256944444420844  28.05026529666546  4.553373470333455  0.2446626529666546  3.693883984396272e-05  0.07752800966788916
10.536  28.15962  4.559166666666497  0.2430555555586714  28.15961666646105  4.559238333353894  0.2440761666646105  1.571900439457104e-05  0.004181527102322904
10.56  28.26911  4.565000000000169  0.2430555555463716  28.26910862419612  4.565089137580388  0.2434910862419612  1.952592326958769e-05  0.001788692564937598
10.584  28.37874  4.570833333333166  0.2430555555586714  28.37874083286418  4.570925916713581  0.2429074083286418  2.02548416015628e-05  0.0006098917733671183
10.608  28.48851  4.576666666666839  0.2430555555463716  28.4885129562666  4.576748704373339  0.2423251295626661  1.792488768775015e-05  0.003014239526143119
10.632  28.59842  4.58270833333316  0.260416666662956  28.59842465901065  4.582557534098934  0.2417442465901065  3.290722115391184e-05  0.07724039076929856
10.656  28.70848  4.588541666666834  0.2256944444420844  28.70847560650758  4.588352439349243  0.2411647560650757  4.124079832412075e-05  0.06414831037258546
10.68  28.81867  4.593958333333103  0.2256944444420509  28.81866546497065  4.594133453502934  0.2405866546497066  3.811821567731899e-05  0.06189956890725587
10.704  28.92899  4.599791666666778  0.2604166666753304  28.92899390141335  4.599900609858665  0.2400099390141335  2.368381430956951e-05  0.08502451083909163
10.728  29.03946  4.605833333333171  0.2430555555586714  29.03946058364727  4.605653941635273  0.2394346058364727  3.895032066490291e-05  0.01512291721386219
10.752  29.15007  4.611458333333522  0.2256944444420844  29.15006518028035  4.611393481971966  0.2388606518028034  1.406328950437078e-05  0.05512087177752784
10.776  29.26081  4.61708333333319  0.2430555555586714  29.26080736071491  4.61711926392851  0.238288073607149  7.782037514403321e-06  0.02000722016571508
10.8  29.37169  4.622708333333541  0.2256944444420844  29.37168679514575  4.622831320485426  0.2377168679514574  2.660429147408965e-05  0.05057454951757141
10.824  29.4827  4.628541666666458  0.260416666662956  29.48270315455824  4.628529684544176  0.2371470315455824  2.58875347001438e-06  0.09812324010853574
10.848  29.59386  4.634375000000135  0.2256944444420844  29.59385611072648  4.634214388927353  0.2365785611072648  3.465766995297178e-05  0.04600635245323655
10.872  29.70515  4.639791666666476  0.2256944444420509  29.70514533621133  4.639885466378868  0.2360114533621132  2.021595426671183e-05  0.04371401799824029
10.896  29.81657  4.645416666666829  0.2430555555587074  29.81657050435857  4.645542949564145  0.2354457050435855  2.718366802053482e-05  0.03232104197319362
10.92  29.92813  4.65124999999982  0.2430555555463356  29.92813128929699  4.651186871070301  0.2348813128929698  1.357264957707758e-05  0.03480158788575304
10.944  30.03983  4.656875000000173  0.2256944444544202  30.03982736593659  4.656817263406341  0.2343182736593659  1.239829492235734e-05  0.03680391234651353
10.968  30.15166  4.662291666666512  0.2256944444420509  30.1516584099666  4.66243415900334  0.233756584099666  3.056179068018735e-05  0.03448946556379184
10.992  30.26362  4.667916666666866  0.2430555555587074  30.26362409785368  4.668037590214632  0.2331962409785368  2.590457883622159e-05  0.04227904591771725
11.016  30.37572  4.673750000000201  0.2430555555587074  30.37572410684004  4.673627589315995  0.2326372410684004  2.619179253515291e-05  0.0447835197944242
11.04  30.48796  4.67937499999979  0.2256944444420509  30.48795811494159  4.679204188505842  0.2320795811494158  3.650438986352666e-05  0.02751270351205107
11.064  30.60033  4.68479166666682  0.2256944444420844  30.60032580094602  4.684767419905398  0.2315232580094602  5.175659589575557e-06  0.02517593099496566
11.088  30.71283  4.690208333333157  0.2256944444420509  30.7128268444111  4.690317315558891  0.2309682684441109  2.323557627391266e-05  0.02283354348883683
11.112  30.82546  4.695833333333513  0.2430555555587074  30.82546092566264  4.695853907433736  0.2304146092566264  4.381333113884516e-06  0.0548617396390956
11.136  30.93823  4.701458333333174  0.2256944444420509  30.93822772579283  4.701377227420717  0.2298622772579283  1.725152195492792e-05  0.01813186950723814
11.16  31.05113  4.706875000000132  0.2256944444420844  31.05112692665827  4.706887307334173  0.2293112692665827  2.614750096439994e-06  0.01577255595011153
11.184  31.16416  4.712291666666467  0.2256944444543868  31.16415821087821  4.712384178912179  0.2287615821087821  1.963172827165519e-05  0.0134075731865536
11.208  31.27732  4.717916666666826  0.2430555555463716  31.27732126183268  4.717867873816732  0.2282132126183268  1.034214000871397e-05  0.06503717623426009
11.232  31.39062  4.72333333333316  0.2083333333377663  31.39061576366072  4.723338423633927  0.2276661576366073  1.077691308777033e-06  0.08491742690057311
11.256  31.50404  4.728750000000193  0.2430555555463716  31.50404140125852  4.728795859874149  0.2271204140125852  9.698002475506197e-06  0.07016164356279934
11.28  31.6176  4.734166666666527  0.2083333333377663  31.61759786027757  4.734240213972242  0.2265759786027757  1.553518672305374e-05  0.08051447191139229
11.304  31.73128  4.739583333333487  0.2430555555463716  31.73128482712295  4.739671517287706  0.2260328482712294  1.860549911469352e-05  0.0753107674629472
11.328  31.8451  4.745208333333145  0.2256944444543868  31.8451019889514  4.745089801104859  0.2254910198895141  2.497997577587486e-05  0.0009021404265780963
11.352  31.95905  4.75062500000018  0.2256944444297486  31.95904903366969  4.750495096633031  0.2249504903366968  2.7345227077602e-05  0.003307190359701833
11.376  32.07313  4.755833333333186  0.2083333333501021  32.07312564993258  4.755887435006741  0.2244112564993258  1.137572625397399e-05  0.07164490498395303
11.4  32.18733  4.761250000000222  0.2430555555340358  32.18733152714127  4.761266847285873  0.2238733152714127  3.538403998445259e-06  0.08568346003795732
11.424  32.30167  4.766666666666479  0.2083333333501021  32.30166635544144  4.766633364455855  0.2233366635544146  6.986526564645668e-06  0.06717808874518702
11.448  32.41613  4.771875000000191  0.2256944444420844  32.41612982572158  4.771987017427842  0.2228012982572159  2.347395901160031e-05  0.0129853201372664
11.472  32.53072  4.777291666666446  0.2256944444420509  32.53072162961112  4.777327837038888  0.2222672162961112  7.571256081853988e-06  0.01541940463848662
11.496  32.64544  4.78270833333341  0.2256944444420844  32.6454414594787  4.78265585405213  0.2217344145947869  1.097283243477629e-05  0.0178593379585857
11.52  32.76029  4.787916666666414  0.2083333333501021  32.76028900843038  4.787971099156962  0.2212028900843038  1.136859212836311e-05  0.05817987608252707
11.544  32.87526  4.793333333333527  0.2430555555587074  32.87526397030791  4.79327360296921  0.220672639703079  1.246128831031768e-05  0.1014304078917312
11.568  32.99037  4.798541666666529  0.1909722222334817  32.99036603968692  4.798563396031309  0.2201436603968691  4.528306283810215e-06  0.1325109163298092
11.592  33.10559  4.803750000000243  0.2430555555587074  33.10559491187519  4.803840508812482  0.2196159491187518  1.884092781029565e-05  0.1067299826538611
11.616  33.22095  4.809166666666497  0.2083333333254305  33.22095028291085  4.809104971708914  0.2190895028291086  1.282878164349105e-05  0.04909486472324497
11.64  33.33643  4.814375000000063  0.2256944444420844  33.33643184956074  4.814356815043927  0.2185643184956073  3.777234807286307e-06  0.03262255246215018
11.664  33.45204  4.819583333333213  0.2083333333501021  33.45203930931849  4.819596069068149  0.218040393093185  2.64249010777563e-06  0.04451954798547045
11.688  33.56777  4.824791666666928  0.2256944444420844  33.56777236040297  4.824822763959704  0.2175177236040296  6.445271525369903e-06  0.03759105558193367
11.712  33.68363  4.829999999999781  0.2083333333254305  33.68363070175636  4.830036929824363  0.2169963070175637  7.64586795482506e-06  0.0399222171621197
11.736  33.79961  4.835208333333497  0.2256944444420844  33.79961403304262  4.835238596695739  0.2164761403304261  6.25891807356896e-06  0.04258346484553746
11.76  33.91572  4.840416666666497  0.2083333333254305  33.91572205464553  4.840427794535447  0.2159572205464553  2.298943280035507e-06  0.03530276599103017
11.784  34.03195  4.845625000000213  0.2256944444420844  34.03195446766719  4.845604553233281  0.2154395446766719  4.219652410220281e-06  0.04759989527829201
11.808  34.14831  4.850833333333065  0.2083333333254305  34.14831097392616  4.850768902607385  0.2149231097392615  1.328257993190378e-05  0.03066108815299374
11.832  34.26479  4.856041666666782  0.2256944444420844  34.26479127595576  4.855920872404425  0.2144079127595575  2.487566530245044e-05  0.05264046245897598
11.856  34.3814  4.861041666666529  0.1909722222334817  34.38139507700238  4.861060492299762  0.2138939507700237  3.872742020504609e-06  0.1071639868917435
11.88  34.49812  4.866041666666848  0.2256944444420844  34.49812208102378  4.866187791897623  0.2133812208102377  3.002868714157855e-05  0.057705282522481
11.904  34.61497  4.871249999999846  0.2083333333501021  34.61497199268737  4.871302800731264  0.2128697199268736  1.083913966699192e-05  0.02131062406776263
11.928  34.73194  4.876458333333565  0.2256944444420844  34.73194451736849  4.876405548263152  0.2123594451736848  1.082458583273461e-05  0.06279447216248446
11.952  34.84904  4.881666666666414  0.2083333333254305  34.84903936114873  4.881496063885127  0.2118503936114873  3.494887203721463e-05  0.0166016226172644
11.976  34.96626  4.884166666666319  0.2083333333254305  34.9662562308143  4.886574376918572  0.2113425623081428  0.0004927194526345388  0.01423863205710912
