0.05  110  -4400.000000000244
0.05010000000000001  109.5608782435147  -4382.452659551435
0.0502  109.1235059760991  -4365.010079205404
0.0503  108.6878727634246  -4347.671426708485
0.0504  108.253968253975  -4330.435878055302
0.0505  107.8217821782262  -4313.30261739086
0.05060000000000001  107.3913043478361  -4296.270836913998
0.0507  106.9625246548439  -4279.339736782173
0.0508  106.5354330708793  -4262.50852501755
0.0509  106.1100196463801  -4245.776417414388
0.051  105.6862745098202  -4229.142637447693
0.0511  105.2641878669453  -4212.606416183122
0.0512  104.8437500000192  -4196.166992188114
0.05130000000000001  104.4249512670772  -4179.823611444238
0.0514  104.0077821011894  -4163.575527260732
0.0515  103.5922330097323  -4147.422000189213
0.0516  103.1782945736684  -4131.362297939545
0.0517  102.7659574468348  -4115.395695296847
0.05180000000000001  102.3552123552401  -4099.521474039618
0.0519  101.9460500963682  -4083.738922858965
0.052  101.5384615384919  -4068.047337278924
0.0521  101.1324376199933  -4052.44601957784
0.0522  100.727969348692  -4036.934278710807
0.0523  100.3250478011815  -4021.511430233148
0.0524  99.92366412217288  -4006.176796224906
0.0525  99.52380952384624  -3990.929705216351
0.0526  99.12547528520903  -3975.769492114472
0.0527  98.72865275146228  -3960.695498130445
0.0528  98.33333333337364  -3945.707070708065
0.0529  97.93950850665773  -3930.803563453117
0.05300000000000001  97.54716981136337  -3915.98433606369
0.0531  97.15630885126785  -3901.248754261394
0.0532  96.76691729327794  -3886.596189723499
0.0533  96.37898686683771  -3872.026020015946
0.0534  95.99250936334293  -3857.53762852725
0.05350000000000001  95.60747663556214  -3843.130404403259
0.0536  95.2238805970641  -3828.803742482767
0.0537  94.8417132216517  -3814.557043233965
0.0538  94.46096654280217  -3800.389712691717
0.0539  94.08163265311347  -3786.301162395653
0.05400000000000001  93.70370370375696  -3772.290809329058
0.0541  93.32717190393593  -3758.358075858561
0.05420000000000001  92.95202952035041  -3744.502389674587
0.0543  92.57826887666758  -3730.723183732593
0.0544  92.20588235299829  -3717.019896195045
0.0545  91.83486238537914  -3703.391970374153
0.0546  91.46520146526042  -3689.838854675322
0.0547  91.09689213899954  -3676.360002541348
0.0548  90.72992700736003  -3662.954872397303
0.0549  90.3642987250161  -3649.622927596144
0.055  90.0000000000625  -3636.363636364994
0.0551  89.63702359352978  -3623.176471752123
0.0552  89.27536231890477  -3610.060911574583
0.0553  88.91500904165633  -3597.01643836652
0.0554  88.55595667876619  -3584.04253932813
0.0555  88.19819819826483  -3571.138706275262
0.0556  87.84172661877247  -3558.304435589652
0.0557  87.48653500904487  -3545.539228169786
0.0558  87.13261648752417  -3532.842589382372
0.05590000000000001  86.77996422189443  -3520.21402901443
0.056  86.42857142864193  -3507.653061225966
0.0561  86.07843137262026  -3495.159204503252
0.0562  85.72953736662001  -3482.731981612672
0.0563  85.38188277094302  -3470.370919555155
0.05640000000000001  85.0354609929812  -3458.075549521159
0.0565  84.69026548679976  -3445.845406846229
0.0566  84.34628975272496  -3433.680030967088
0.0567  84.00352733693613  -3421.578965378277
0.0568  83.66197183106205  -3409.541757589335
0.0569  83.32161687178154  -3397.567959082491
0.057  82.98245614042833  -3385.657125270886
0.0571  82.64448336259998  -3373.808815457306
0.0572  82.30769230777103  -3362.022592793413
0.0573  81.97207678891007  -3350.298024239481
0.0574  81.63763066210088  -3338.634680524618
0.0575  81.30434782616753  -3327.032136107473
0.0576  80.97222222230339  -3315.489969137423
0.0577  80.64124783370394  -3304.007761416224
0.0578  80.31141868520345  -3292.585098360132
0.0579  79.98272884291538  -3281.221568962479
0.058  79.65517241387657  -3269.916765756702
0.0581  79.32874354569503  -3258.670284779814
0.0582  79.0034364262014  -3247.481725536316
0.0583  78.67924528310397  -3236.350690962541
0.0584  78.35616438364727  -3225.276787391429
0.0585  78.03418803427418  -3214.259624517716
0.0586  77.71331058029143  -3203.298815363543
0.0587  77.39352640553861  -3192.393976244477
0.05880000000000001  77.07482993206045  -3181.544726735929
0.0589  76.75721561978256  -3170.750689639979
0.059  76.44067796619034  -3160.011490952585
0.0591  76.12521150601128  -3149.326759831192
0.0592  75.81081081090041  -3138.696128562713
0.05930000000000001  75.49747048912884  -3128.119232531889
0.0594  75.1851851852757  -3117.595710190032
0.0595  74.87394957992289  -3107.125203024119
0.0596  74.56375838935315  -3096.707355526264
0.0597  74.25460636525098  -3086.341815163537
0.05980000000000001  73.94648829440666  -3076.028232348141
0.0599  73.63939899842326  -3065.766260407937
0.06  73.33333333342647  -3055.555555557311
0.0601  73.0282861897774  -3045.395776868379
0.0602  72.72425249178831  -3035.286586242533
0.0603  72.42122719744096  -3025.227648382307
0.0604  72.119205298108  -3015.218630763579
0.0605  71.81818181827695  -3005.259203608085
0.0606  71.51815181527704  -2995.349039856258
0.0607  71.21911037900858  -2985.487815140375
0.0608  70.92105263167521  -2975.675207758016
0.0609  70.62397372751863  -2965.910898645826
0.061  70.32786885255601  -2956.194571353577
0.0611  70.03273322431993  -2946.525912018529
0.0612  69.73856209160095  -2936.904609340084
0.0613  69.44535073419264  -2927.330354554728
0.0614  69.15309446263907  -2917.802841411258
0.0615  68.86178861798487  -2908.321766146294
0.0616  68.57142857152759  -2898.886827460061
0.0617  68.2820097245726  -2889.49772649246
0.0618  67.99352750819028  -2880.154166799392
0.0619  67.70597738297559  -2870.855854329366
0.062  67.41935483880997  -2861.602497400357
0.0621  67.13365539462555  -2852.393806676936
0.06220000000000001  66.84887459817162  -2843.22949514765
0.0623  66.56500802578336  -2834.109278102657
0.0624  66.28205128215274  -2825.032873111617
0.0625  66.00000000010174  -2816.000000001823
0.0626  65.71884984035761  -2807.010380836578
0.06270000000000001  65.43859649133036  -2798.06373989382
0.06279999999999999  65.15923566889236  -2789.159803644977
0.0629  64.88076311616005  -2780.298300734058
0.063  64.60317460327768  -2771.478961956982
0.0631  64.32646592720317  -2762.701520241131
0.06320000000000001  64.050632911496  -2753.965710625129
0.0633  63.77567140610699  -2745.271270238849
0.0634  63.50157728717032  -2736.617938283636
0.0635  63.22834645679723  -2728.005456012747
0.0636  62.95597484287185  -2719.433566712013
0.06370000000000001  62.6844583988489  -2710.902015680708
0.0638  62.41379310355329  -2702.410550212625
0.0639  62.1439749609816  -2693.958919577367
0.064  61.87500000010545  -2685.546875001838
0.0641  61.60686427467665  -2677.174169651932
0.06420000000000001  61.33956386303423  -2668.84055861443
0.0643  61.07309486791324  -2660.545798879089
0.0644  60.80745341625536  -2652.289649320925
0.0645  60.54263565902122  -2644.071870682689
0.0646  60.27863777100452  -2635.892225557534
0.06470000000000001  60.01545595064784  -2627.750478371871
0.0648  59.75308641986016  -2619.646395368401
0.0649  59.49152542383607  -2611.579744589342
0.065  59.23076923087667  -2603.550295859829
0.06510000000000001  58.97081413221208  -2595.557820771494
0.06520000000000001  58.71165644182559  -2587.602092666224
0.0653  58.45329249627949  -2579.682886620087
0.0654  58.19571865454239  -2571.79997942744
0.0655  57.93893129781823  -2563.953149585197
0.06560000000000001  57.68292682937676  -2556.142177277271
0.06570000000000001  57.42770167438564  -2548.366844359176
0.0658  57.17325227974404  -2540.6269343428
0.0659  56.91957511391774  -2532.922232381335
0.066  56.66666666677575  -2525.252525254363
0.06610000000000001  56.41452344942845  -2517.617601353112
0.06620000000000001  56.16314199406709  -2510.017250665851
0.0663  55.91251885380485  -2502.451264763456
0.0664  55.66265060251931  -2494.919436785114
0.0665  55.41353383469627  -2487.421561424188
0.06660000000000001  55.16516516527511  -2479.957434914224
0.06670000000000001  54.91754122949538  -2472.526855015107
0.0668  54.67065868274493  -2465.129620999359
0.0669  54.42451420040928  -2457.765533638588
0.067  54.17910447772238  -2450.434395190069
0.06709999999999999  53.93442622961876  -2443.136009383472
0.06720000000000001  53.69047619058687  -2435.870181407725
0.0673  53.44725111452387  -2428.63671789801
0.0674  53.20474777459162  -2421.435426922906
0.0675  52.96296296307398  -2414.266117971647
0.06759999999999999  52.72189349123539  -2407.128601941532
0.0677  52.48153618918066  -2400.022691125449
0.0678  52.24188790571606  -2392.948199199532
0.0679  52.00294550821158  -2385.904941210954
0.068  51.76470588246448  -2378.892733565834
0.06809999999999999  51.5271659325639  -2371.911394017271
0.0682  51.29032258075688  -2364.960741653506
0.0683  51.05417276731532  -2358.040596886201
0.0684  50.8187134504043  -2351.150781438838
0.06850000000000001  50.5839416059514  -2344.291118335236
0.06859999999999999  50.34985422751732  -2337.461431888186
0.0687  50.11644832616746  -2330.661547688205
0.0688  49.88372093034479  -2323.891292592399
0.0689  49.65166908574366  -2317.150494713439
0.06900000000000001  49.42028985518485  -2310.438983408654
0.06909999999999999  49.18958031849163  -2303.756589269231
0.0692  48.95953757236688  -2297.103144109525
0.0693  48.73015873027134  -2290.478480956474
0.0694  48.50144092230288  -2283.882434039123
0.06950000000000001  48.27338129507677  -2277.31483877826
0.0696  48.04597701160706  -2270.77553177614
0.0697  47.81922525118891  -2264.26435080633
0.0698  47.59312320928198  -2257.781134803643
0.0699  47.36766809739482  -2251.325723854179
0.07000000000000001  47.14285714297019  -2244.897959185464
0.0701  46.91868758927144  -2238.497683156687
0.0702  46.69515669526984  -2232.124739249034
0.0703  46.47226173553283  -2225.778972056119
0.0704  46.25000000011325  -2219.460227274511
0.07050000000000001  46.02836879443954  -2213.168351694352
0.0706  45.80736543920683  -2206.903193190073
0.0707  45.58698727026898  -2200.664600711192
0.0708  45.36723163853151  -2194.452424273218
0.0709  45.14809590984549  -2188.266514948629
0.07100000000000001  44.92957746490225  -2182.106724857951
0.0711  44.71167369912903  -2175.972907160919
0.0712  44.4943820225855  -2169.864916047722
0.0713  44.27769985986117  -2163.782606730343
0.07140000000000001  44.0616246499736  -2157.725835433976
0.07150000000000001  43.84615384626753  -2151.694459388529
0.0716  43.63128491631483  -2145.688336820212
0.0717  43.41701534181528  -2139.707326943202
0.0718  43.20334261849817  -2133.751289951399
0.07190000000000001  42.99026425602478  -2127.820087010252
0.07200000000000001  42.77777777789159  -2121.913580248666
0.0721  42.56588072133437  -2116.031632750995
0.0722  42.35457063723297  -2110.174108549104
0.0723  42.14384509001706  -2104.340872614514
0.07239999999999999  41.93370165757246  -2098.531790850619
0.07250000000000001  41.72413793114839  -2092.746730084975
0.0726  41.51515151526544  -2086.985558061677
0.0727  41.30674002762425  -2081.248143433791
0.0728  41.09890109901504  -2075.53435575587
0.07289999999999999  40.89163237322781  -2069.844065476545
0.07300000000000001  40.68493150696329  -2064.177143931172
0.0731  40.47879616974463  -2058.533463334568
0.0732  40.27322404382983  -2052.912896773799
0.0733  40.06821282412491  -2047.315318201053
0.07339999999999999  39.86376021809765  -2041.740602426566
0.0735  39.65986394569223  -2036.188625111626
0.0736  39.45652173924444  -2030.65926276164
0.0737  39.25373134339758  -2025.152392719265
0.0738  39.05149051501915  -2019.667893157608
0.07389999999999999  38.84979702311806  -2014.205643073482
0.074  38.64864864876265  -2008.765522280742
0.0741  38.44804318499929  -2003.347411403665
0.0742  38.24797843677167  -1997.951191870404
0.0743  38.04845222084077  -1992.576745906501
0.07439999999999999  37.84946236570538  -1987.223956528463
0.0745  37.65100671152337  -1981.892707537391
0.0746  37.45308311003353  -1976.582883512679
0.0747  37.25568942447807  -1971.294369805761
0.07480000000000001  37.0588235295257  -1966.02705253393
0.07489999999999999  36.86248331119537  -1960.780818574201
0.075  36.66666666678058  -1955.555555557238
0.0751  36.47137150477435  -1950.35115186134
0.0752  36.27659574479474  -1945.167496606476
0.07530000000000001  36.08233731751095  -1940.004479648383
0.07539999999999999  35.88859416457009  -1934.86199157271
0.0755  35.69536423852443  -1929.739923689228
0.0756  35.50264550275932  -1924.638168026079
0.0757  35.31043593142159  -1919.556617324093
0.07580000000000001  35.11873350934861  -1914.495165031146
0.0759  34.92753623199781  -1909.453705296576
0.076  34.73684210537689  -1904.432132965647
0.0761  34.54664914597441  -1899.43034357407
0.0762  34.3569553806911  -1894.448233342564
0.07630000000000001  34.16775884677158  -1889.485699171479
0.0764  33.97905759173666  -1884.542638635457
0.0765  33.79084967331622  -1879.61894997815
0.0766  33.6031331593825  -1874.714532106982
0.0767  33.41590612788408  -1869.829284587958
0.07680000000000001  33.22916666678018  -1864.963107640527
0.0769  33.04291287397565  -1860.115902132483
0.077  32.85714285725631  -1855.287569574917
0.0771  32.67185473422497  -1850.478012117215
0.0772  32.48704663223774  -1845.687132542099
0.07730000000000001  32.30271668834104  -1840.914834260716
0.0774  32.11886304920893  -1836.161021307768
0.0775  31.93548387108103  -1831.425598336688
0.0776  31.75257731970088  -1826.708470614861
0.07770000000000001  31.57014157025479  -1822.009544018881
0.07780000000000001  31.38817480731112  -1817.328725029864
0.0779  31.20667522476013  -1812.665920728786
0.078  31.02564102575413  -1808.021038791877
0.0781  30.84507042264828  -1803.393987486051
0.07819999999999999  30.66496163694167  -1798.784675664373
0.07830000000000001  30.48531289921899  -1794.193012761575
0.0784  30.30612244909253  -1789.618908789603
0.0785  30.12738853514475  -1785.062274333211
0.0786  29.94910941487113  -1780.523020545591
0.07869999999999999  29.77128335462362  -1776.00105914404
0.07880000000000001  29.5939086295544  -1771.496302405669
0.0789  29.41698352356013  -1767.008663163149
0.079  29.24050632922661  -1762.538054800493
0.0791  29.06447534777383  -1758.084391248876
0.07919999999999999  28.88888888900149  -1753.647586982497
0.0793  28.71374527123487  -1749.227557014466
0.0794  28.53904282127119  -1744.824216892739
0.0795  28.36477987432629  -1740.437482696083
0.0796  28.19095477398175  -1736.067271030076
0.07969999999999999  28.01756587213243  -1731.713499023146
0.0798  27.84461152893437  -1727.37608432264
0.0799  27.67209011275306  -1723.054945090931
0.08  27.50000000011221  -1718.750000001557
0.0801  27.32833957564274  -1714.461168235394
0.08019999999999999  27.15710723203231  -1710.188369476866
0.0803  26.98630136997507  -1705.931523910179
0.0804  26.81592039812195  -1701.690552215601
0.0805  26.6459627330312  -1697.465375565758
0.0806  26.47642679911934  -1693.255915621981
0.08069999999999999  26.30731102861246  -1689.062094530667
0.0808  26.13861386149793  -1684.883834919681
0.0809  25.97033374547638  -1680.721059894792
0.081  25.80246913591415  -1676.573693036129
0.08110000000000001  25.63501849579597  -1672.441658394677
0.08119999999999999  25.46798029567807  -1668.324880488798
0.0813  25.30135301364165  -1664.223284300787
0.0814  25.1351351352466  -1660.136795273451
0.0815  24.96932515348564  -1656.065339306723
0.08160000000000001  24.8039215687388  -1652.008842754303
0.08169999999999999  24.63892288872818  -1647.967232420325
0.0818  24.47432762847309  -1643.940435556056
0.0819  24.31013431024548  -1639.928379856628
0.082  24.14634146352574  -1635.930993457781
0.08210000000000001  23.9829476249588  -1631.948204932657
0.0822  23.8199513383105  -1627.979943288599
0.0823  23.65735115442441  -1624.026137963994
0.0824  23.49514563117883  -1620.086718825135
0.08249999999999999  23.33333333344414  -1616.161616163109
0.08260000000000001  23.17191283304053  -1612.250760690712
0.0827  23.01088270869593  -1608.354083539399
0.0828  22.85024154600434  -1604.47151625624
0.0829  22.68998793738438  -1600.602990800925
0.08299999999999999  22.53012048203821  -1596.748439542777
0.08310000000000001  22.37063778591067  -1592.907795257798
0.0832  22.21153846164883  -1589.080991125735
0.0833  22.05282112856169  -1585.267960727179
0.0834  21.89448441258027  -1581.468638040678
0.08349999999999999  21.73652694621796  -1577.682957439883
0.08360000000000001  21.57894736853116  -1573.910853690711
0.0837  21.42174432508018  -1570.152261948536
0.0838  21.26491646789041  -1566.407117755402
0.0839  21.10846245541385  -1562.67535703726
0.08399999999999999  20.9523809524908  -1558.956916101227
0.08410000000000001  20.79667063031192  -1555.251731632868
0.0842  20.6413301663805  -1551.559740693501
0.0843  20.48635824447501  -1547.880880717524
0.0844  20.33175355461195  -1544.215089509766
0.08449999999999999  20.17751479300892  -1540.562305242854
0.08460000000000001  20.02364066204797  -1536.922466454613
0.0847  19.87012987023924  -1533.295512045473
0.0848  19.71698113218477  -1529.681381275909
0.0849  19.56419316854268  -1526.080013763898
0.08499999999999999  19.41176470599152  -1522.491349482397
0.08510000000000001  19.25969447719487  -1518.915328756841
0.0852  19.1079812207663  -1515.351892262659
0.0853  18.95662368123439  -1511.800981022821
0.0854  18.80562060900818  -1508.262536405392
0.08549999999999999  18.65497076034273  -1504.736500121111
0.08560000000000001  18.504672897305  -1501.222814220996
0.0857  18.35472578773994  -1497.721421093958
0.0858  18.2051282052368  -1494.232263464442
0.0859  18.05587892909572  -1490.755284390081
0.08599999999999999  17.9069767442945  -1487.290427259381
0.08610000000000001  17.75842044145565  -1483.837635789407
0.0862  17.61020881681365  -1480.396854023503
0.0863  17.4623406721824  -1476.968026329023
0.0864  17.31481481492298  -1473.551097395084
0.08649999999999999  17.16763005791156  -1470.146012230334
0.0866  17.02078521950756  -1466.752716160737
0.0867  16.87427912352202  -1463.371154827385
0.0868  16.72811059918621  -1460.001274184315
0.08690000000000001  16.58227848112045  -1456.643020496349
0.08699999999999999  16.43678160930313  -1453.296340336959
0.0871  16.29161882903991  -1449.961180586133
0.0872  16.14678899093326  -1446.637488428275
0.0873  16.00229095085206  -1443.325211350107
0.08740000000000001  15.85812356990147  -1440.024297138601
0.08749999999999999  15.71428571439306  -1436.734693878918
0.0876  15.57077625581503  -1433.456349952367
0.0877  15.42759407080275  -1430.189214034379
0.08779999999999999  15.2847380411094  -1426.933235092502
0.08790000000000001  15.1422070535769  -1423.688362384405
0.08799999999999999  15.00000000010697  -1420.454545455901
0.0881  14.85811577763243  -1417.231734138987
0.0882  14.71655328808867  -1414.019878549898
0.08829999999999999  14.57531143838533  -1410.818929087176
0.08840000000000001  14.43438914037815  -1407.628836429756
0.0885  14.29378531084105  -1404.449551535066
0.0886  14.15349887143834  -1401.28102563714
0.0887  14.01352874869719  -1398.123210244752
0.08879999999999999  13.87387387398023  -1394.976057139555
0.08890000000000001  13.73453318345836  -1391.839518374248
0.089  13.59550561808373  -1388.713546270742
0.0891  13.45679012356291  -1385.598093418352
0.0892  13.31838565033026  -1382.493112672001
0.08929999999999999  13.18029115352142  -1379.398557150433
0.08940000000000001  13.04250559294705  -1376.314380234444
0.0895  12.9050279330667  -1373.240535565128
0.0896  12.76785714296287  -1370.176977042133
0.0897  12.63099219631524  -1367.123658821934
0.08979999999999999  12.49443207137506  -1364.080535316117
0.08990000000000001  12.35817575093976  -1361.047561189678
0.09  12.22222222232764  -1358.024691359332
0.0901  12.08657047735284  -1355.011880991844
0.0902  11.95121951230038  -1352.009085502357
0.09029999999999999  11.81616832790142  -1349.016260552754
0.09040000000000001  11.68141592930864  -1346.03336205001
0.0905  11.54696132607187  -1343.060346144576
0.0906  11.41280353211377  -1340.097169228764
0.0907  11.27894156570575  -1337.143787935149
0.09079999999999999  11.14537444944399  -1334.200159134981
0.09090000000000001  11.01210121022572  -1331.266239936612
0.091  10.8791208792255  -1328.341987683932
0.0911  10.74643249187183  -1325.42735995482
0.0912  10.61403508782376  -1322.522314559606
0.09129999999999999  10.48192771094776  -1319.626809539541
0.09140000000000001  10.35010940929467  -1316.740803165284
0.0915  10.2185792350769  -1313.864253935401
0.0916  10.08733624464563  -1310.997120574868
0.0917  9.956379498468293  -1308.139362033594
0.09179999999999999  9.825708061106159  -1305.290937484951
0.09190000000000001  9.695321001192038  -1302.451806324313
0.092  9.565217391408167  -1299.621928167614
0.0921  9.435396308464217  -1296.801262849908
0.0922  9.305856833075458  -1293.989770423946
0.09229999999999999  9.176598049941063  -1291.187411158758
0.0924  9.047619047722543  -1288.394145538256
0.0925  8.918918919022333  -1285.609934259834
0.0926  8.790496760362513  -1282.83473823299
0.0927  8.662351672163663  -1280.06851857795
0.09279999999999999  8.534482758723861  -1277.311236624313
0.0929  8.406889128197816  -1274.56285390969
0.093  8.279569892576127  -1271.823332178371
0.0931  8.152524167664689  -1269.09263337999
0.09320000000000001  8.025751073064219  -1266.370719668203
0.09329999999999999  7.899249732149924  -1263.657553399381
0.0934  7.773019272051291  -1260.953097131302
0.0935  7.647058823632013  -1258.257313621865
0.09359999999999999  7.52136752147004  -1255.570165827803
0.09370000000000001  7.395944503837763  -1252.891616903416
0.09379999999999999  7.270788912682312  -1250.221630199303
0.0939  7.145899893606001  -1247.560169261111
0.094  7.021276595846873  -1244.90719782829
0.09409999999999999  6.896918172259389  -1242.262679832856
0.09420000000000001  6.772823779295233  -1239.62657939817
0.09429999999999999  6.648992576984236  -1236.998860837716
0.0944  6.525423728915423  -1234.379488653896
0.0945  6.402116402218184  -1231.768427536831
0.09459999999999999  6.27906976754356  -1229.16564236317
0.09470000000000001  6.156282999045652  -1226.571098194911
0.0948  6.033755274363139  -1223.984760278223
0.0949  5.911485774600926  -1221.40659404229
0.095  5.789473684311897  -1218.83656509815
0.09509999999999999  5.667718191478786  -1216.274639237552
0.09520000000000001  5.546218487496164  -1213.720782431812
0.0953  5.42497376715254  -1211.174960830692
0.0954  5.303983228612572  -1208.637140761268
0.0955  5.183246073399388  -1206.107288726825
0.09559999999999999  5.062761506377027  -1203.585371405747
0.09570000000000001  4.942528735732979  -1201.071355650422
0.0958  4.822546972960838  -1198.56520848615
0.0959  4.702815432843071  -1196.066897110067
0.096  4.583333333433882  -1193.576388890065
0.09609999999999999  4.464099896042193  -1191.093651363731
0.09620000000000001  4.345114345214729  -1188.618652237288
0.0963  4.2263759087192  -1186.151359384544
0.0964  4.107883817527605  -1183.69174084585
0.0965  3.989637305799619  -1181.239764827067
0.09659999999999999  3.8716356108661  -1178.795399698535
0.09670000000000001  3.753877973212691  -1176.358613994054
0.0968  3.636363636463526  -1173.929376409875
0.0969  3.519091847365029  -1171.507655803688
0.097  3.402061855769828  -1169.093421193631
0.09709999999999999  3.285272914620754  -1166.686641757293
0.09720000000000001  3.16872427993495  -1164.287286830734
0.0973  3.052415210788069  -1161.895325907507
0.0974  2.936344969298573  -1159.510728637689
0.0975  2.820512820612133  -1157.133464826918
0.09759999999999999  2.704918032886115  -1154.763504435435
0.0977  2.589559877274173  -1152.40081757714
0.0978  2.474437627910926  -1150.045374518643
0.0979  2.359550561896735  -1147.697145678336
0.098  2.244897959282574  -1145.356101625458
0.09809999999999999  2.130479103054985  -1143.022213079178
0.0982  2.016293279121139  -1140.695450907673
0.0983  1.902339776293974  -1138.375786127226
0.0984  1.788617886277432  -1136.063189901319
0.0985  1.675126903651788  -1133.757633539738
0.09859999999999999  1.561866125859055  -1131.459088497682
0.0987  1.448834853188496  -1129.167526374882
0.0988  1.336032388762209  -1126.882918914723
0.0989  1.223458038520808  -1124.605238003369
0.099  1.111111111209188  -1122.334455668905
0.09909999999999999  0.9989909183623735  -1120.070544080472
0.0992  0.8870967742914602  -1117.813475547418
0.0993  0.7754279960696321  -1115.563222518449
0.09939999999999999  0.6639839035182703  -1113.319757580791
0.09950000000000001  0.5527638191931423  -1111.083053459352
0.09959999999999999  0.4417670683706751  -1108.853083015894
0.0997  0.330992979034311  -1106.629819248212
0.0998  0.2204408818609454  -1104.413235289312
0.09989999999999999  0.1101101102074463  -1102.203304406605
0.1  9.725410754501951e-11  -1100.000000001096
0.1001  -0.1098901097929378  -1097.803295606588
0.1002  -0.219560878146423  -1095.613164888882
0.1003  -0.3290129610196421  -1093.429581644992
0.1004  -0.4382470118552652  -1091.252519802362
0.1005  -0.5472636814951957  -1089.081953418081
0.1006  -0.6560636181934962  -1086.91785667812
0.1007  -0.7646474676292383  -1084.760203896556
0.1008  -0.8730158729192746  -1082.608969514813
0.1009  -0.9811694746309364  -1080.464128100906
0.101  -1.089108910794654  -1078.32565434869
0.1011  -1.196834816916506  -1076.193523077111
0.1012  -1.304347825990685  -1074.067709229463
0.1013  -1.411648568511905  -1071.94818787266
0.1014  -1.518737672487718  -1069.834934196496
0.1015  -1.625615763450772  -1067.727923512922
0.1016  -1.732283464470984  -1065.627131255329
0.1017  -1.838741396167657  -1063.532532977824
0.1018  -1.944990176721507  -1061.444104354527
0.1019  -2.051030421886635  -1059.361821178859
0.102  -2.15686274500242  -1057.285659362843
0.1021  -2.262487757005344  -1055.215594936406
0.1022  -2.367906066440747  -1053.151604046689
0.1023  -2.473118279474518  -1051.093662957359
0.1024  -2.578124999904706  -1049.041748047926
0.1025  -2.682926829173081  -1046.995835813066
0.1026  -2.787524366376604  -1044.955902861947
0.1027  -2.891918208278855  -1042.921925917561
0.1028  -2.996108949321374  -1040.89388181606
0.1029  -3.100097181634947  -1038.871747506097
0.103  -3.203883495050825  -1036.85550004817
0.1031  -3.30746847711187  -1034.845116613972
0.1032  -3.41085271308365  -1032.840574485743
0.1033  -3.514036785965456  -1030.841851055633
0.1034  -3.617021276501262  -1028.848923825059
0.1035  -3.719806763190622  -1026.861770404075
0.1036  -3.822393822299501  -1024.880368510742
0.1037  -3.924783027871044  -1022.904695970504
0.1038  -4.026974951736283  -1020.934730715569
0.1039  -4.128970163524785  -1018.970450784288
0.104  -4.230769230675231  -1017.011834320549
0.1041  -4.332372718445947  -1015.058859573164
0.1042  -4.433781189925355  -1013.111504895269
0.1043  -4.534995206042387  -1011.16974874372
0.1044  -4.636015325576819  -1009.233569678501
0.1045  -4.73684210516956  -1007.302946362132
0.1046  -4.837476099332868  -1005.377857559077
0.1047  -4.937917860460526  -1003.458282135166
0.1048  -5.038167938837939  -1001.544199057008
0.1049  -5.138226882652194  -999.635587391422
0.105  -5.23809523800204  -997.7324263048602
0.1051  -5.337773548907833  -995.8346950628404
0.1052  -5.43726235732141  -993.9423730293817
0.1053  -5.536562203135912  -992.055439666443
0.1054  -5.635673624195547  -990.1738745333664
0.1055  -5.734597156305306  -988.2976572863229
0.1056  -5.833333333240614  -986.4267676777629
0.1057  -5.931882686756935  -984.5611855558698
0.1058  -6.030245746599311  -982.7008908640175
0.1059  -6.128423040511863  -980.8458636402314
0.106  -6.226415094247221  -978.9960840166524
0.1061  -6.324222431575915  -977.1515322190053
0.1062  -6.421845574295705  -975.3121885660703
0.1063  -6.519285042240856  -973.4780334691582
0.1064  -6.616541353291375  -971.6490474315883
0.1065  -6.713615023382173  -969.8252110481709
0.1066  -6.810506566512202  -968.006505004692
0.1067  -6.907216494753514  -966.1929100774026
0.1068  -7.003745318260292  -964.3844071325102
0.1069  -7.100093545277815  -962.5809771256742
0.107  -7.196261682151381  -960.7826011015047
0.1071  -7.292250233335173  -958.9892601930645
0.1072  -7.388059701401085  -957.200935621374
0.1073  -7.483690587047489  -955.4176086949197
0.1074  -7.579143389107959  -953.6392608091659
0.1075  -7.674418604559945  -951.8658734460691
0.1076  -7.769516728533397  -950.0974281735965
0.1077  -7.864438254319339  -948.3339066452464
0.1078  -7.959183673378406  -946.575290599573
0.1079  -8.053753475349319  -944.8215618597133
0.108  -8.148148148057324  -943.0727023329172
0.1081  -8.242368177522575  -941.3286940100814
0.1082  -8.336414047968482  -939.5895189652856
0.1083  -8.430286241830002  -937.8551593553314
0.1084  -8.523985239761888  -936.1255974192851
0.1085  -8.617511520646895  -934.400815478023
0.1086  -8.710865561603937  -932.6807959337795
0.1087  -8.804047837996199  -930.9655212696981
0.1088  -8.897058823439211  -929.2549740493857
0.1089  -8.989898989808868  -927.5491369164694
0.109  -9.082568807249405  -925.8479925941557
0.1091  -9.175068744181344  -924.1515238847941
0.1092  -9.267399267309377  -922.4597136694414
0.1093  -9.359560841630223  -920.7725449074305
0.1094  -9.451553930440429  -919.090000635941
0.1095  -9.543378995344131  -917.412063969573
0.1096  -9.635036496260783  -915.7387180999233
0.1097  -9.72652689143283  -914.0699462951645
0.1098  -9.817850637433342  -912.405731899627
0.1099  -9.909008189173615  -910.7460583333827
0.11  -9.999999999910726  -909.0909090918332
0.1101  -10.09082652125504  -907.4402677452982
0.1102  -10.18148820317767  -905.7941179386089
0.1103  -10.27198549401794  -904.152443390702
0.1104  -10.36231884049074  -902.5152278942177
0.1105  -10.45248868769391  -900.8824553150992
0.1106  -10.54249547911552  -899.2541095921957
0.1107  -10.63233965664116  -897.6301747368673
0.1108  -10.72202166056116  -896.0106348325921
0.1109  -10.81154192957778  -894.395474034577
0.111  -10.90090090081239  -892.7846765693691
0.1111  -10.99009900981256  -891.1782267344718
0.1112  -11.07913669055912  -889.5761088979608
0.1113  -11.16801437547326  -887.9783074981051
0.1114  -11.25673249542346  -886.3848070429883
0.1115  -11.3452914797325  -884.7955921101333
0.1116  -11.43369175618435  -883.2106473461291
0.1117  -11.52193375103109  -881.6299574662602
0.1118  -11.61001788899975  -880.0535072541377
0.1119  -11.69794459329913  -878.4812815613335
0.112  -11.78571428562653  -876.9132653070162
0.1121  -11.87332738617459  -875.3494434775893
0.1122  -11.96078431363789  -873.789801126332
0.1123  -12.04808548521969  -872.2343233730423
0.1124  -12.13523131663853  -870.6829954036816
0.1125  -12.22222222213485  -869.1358024700222
0.1126  -12.30905861447753  -867.5927298892967
0.1127  -12.39574090497045  -866.0537630438499
0.1128  -12.48226950345895  -864.5188873807924
0.1129  -12.56864481833631  -862.9880884116566
0.113  -12.65486725655017  -861.4613517120546
0.1131  -12.74093722360892  -859.9386629213387
0.1132  -12.82685512358806  -858.4200077422638
0.1133  -12.91262135913652  -856.9053719406513
0.1134  -12.99823633148296  -855.3947413450561
0.1135  -13.08370044044201  -853.8881018464346
0.1136  -13.16901408442049  -852.3854393978155
0.1137  -13.25417766042364  -850.8867400139727
0.1138  -13.33919156406122  -849.3919897710994
0.1139  -13.42405618955371  -847.9011748064848
0.114  -13.50877192973831  -846.4142813181932
0.1141  -13.59333917607508  -844.9312955647437
0.1142  -13.67775831865295  -843.4522038647932
0.1143  -13.76202974619568  -841.9769925968211
0.1144  -13.84615384606789  -840.5056481988152
0.1145  -13.93013100428093  -839.03815716796
0.1146  -14.01396160549883  -837.5745060603274
0.1147  -14.09764603304417  -836.1146814905683
0.1148  -14.18118466890388  -834.6586701316069
0.1149  -14.26457789373512  -833.2064587143362
0.115  -14.34782608687101  -831.7580340273161
0.1151  -14.43092962632637  -830.3133829164725
0.1152  -14.51388888880352  -828.8724922847989
0.1153  -14.59670424969788  -827.4353490920596
0.1154  -14.67937608310368  -826.0019403544945
0.1155  -14.76190476181961  -824.5722531445259
0.1156  -14.84429065735437  -823.146274590467
0.1157  -14.92653413993228  -821.7239918762323
0.1158  -15.00863557849883  -820.3053922410494
0.1159  -15.09059534072618  -818.8904629791731
0.116  -15.17241379301866  -817.4791914396008
0.1161  -15.25409130051821  -816.0715650257893
0.1162  -15.33562822710985  -814.6675711953743
0.1163  -15.41702493542704  -813.2671974598909
0.1164  -15.49828178685708  -811.8704313844954
0.1165  -15.57939914154647  -810.4772605876899
0.1166  -15.66037735840621  -809.0876727410475
0.1167  -15.74121679511709  -807.7016555689397
0.1168  -15.82191780813497  -806.3191968482653
0.1169  -15.90248075269601  -804.9402844081808
0.117  -15.98290598282192  -803.5649061298328
0.1171  -16.06319385132506  -802.1930499460914
0.1172  -16.14334470981369  -800.8247038412856
0.1173  -16.22335890869705  -799.4598558509404
0.1174  -16.30323679719049  -798.098494061515
0.1175  -16.38297872332054  -796.7406066101431
0.1176  -16.46258503392997  -795.3861816843742
0.1177  -16.54205607468279  -794.0352075219165
0.1178  -16.6213921900693  -792.6876724103824
0.1179  -16.70059372341106  -791.3435646870339
0.118  -16.7796610168658  -790.0028727385302
0.1181  -16.85859441143238  -788.6655850006772
0.1182  -16.93739424695571  -787.3316899581781
0.1183  -17.01606086213157  -786.0011761443853
0.1184  -17.09459459451152  -784.6740321410543
0.1185  -17.17299578050772  -783.3502465780982
0.1186  -17.25126475539767  -782.0298081333447
0.1187  -17.3294018533291  -780.7127055322936
0.1188  -17.40740740732461  -779.3989275478766
0.1189  -17.48528174928649  -778.0884630002175
0.119  -17.56302521000138  -776.7813007563948
0.1191  -17.64063811914495  -775.4774297302049
0.1192  -17.71812080528661  -774.1768388819274
0.1193  -17.79547359589408  -772.8795172180912
0.1194  -17.87269681733806  -771.5854537912421
0.1195  -17.94979079489677  -770.2946376997121
0.1196  -18.02675585276057  -769.0070580873896
0.1197  -18.10359231403646  -767.7227041434913
0.1198  -18.18030050075262  -766.4415651023352
0.1199  -18.25688073386292  -765.1636302431148
0.12  -18.33333333325137  -763.8888888896751
0.1201  -18.40965861773659  -762.6173304102897
0.1202  -18.48585690507625  -761.3489442174388
0.1203  -18.56192851197145  -760.0837197675888
0.1204  -18.63787375407114  -758.8216465609738
0.1205  -18.71369294597648  -757.5627141413769
0.1206  -18.78938640124515  -756.3069120959141
0.1207  -18.86495443239574  -755.054230054819
0.1208  -18.94039735091197  -753.8046576912286
0.1209  -19.01571546724703  -752.5581847209706
0.121  -19.09090909082782  -751.3148009023517
0.1211  -19.16597853005917  -750.0744960359472
0.1212  -19.2409240923281  -748.8372599643917
0.1213  -19.31574608400797  -747.6030825721716
0.1214  -19.39044481046266  -746.3719537854179
0.1215  -19.46502057605075  -745.1438635717006
0.1216  -19.53947368412966  -743.918801939825
0.1217  -19.61380443705971  -742.6967589396276
0.1218  -19.68801313620827  -741.4777246617743
0.1219  -19.76210008195379  -740.2616892375602
0.122  -19.8360655736899  -739.0486428387088
0.1221  -19.90990990982938  -737.8385756771744
0.1222  -19.98363338780825  -736.6314780049438
0.1223  -20.05723630408968  -735.4273401138405
0.1224  -20.13071895416805  -734.2261523353295
0.1225  -20.20408163257281  -733.027905040323
0.1226  -20.27732463287251  -731.8325886389875
0.1227  -20.35044824767864  -730.640193580552
0.1228  -20.42345276864959  -729.4507103531172
0.1229  -20.49633848649447  -728.2641294834656
0.123  -20.56910569097699  -727.0804415368731
0.1231  -20.64175467091934  -725.8996371169216
0.1232  -20.71428571420593  -724.7217068653121
0.1233  -20.78669910778727  -723.5466414616797
0.1234  -20.85899513768372  -722.3744316234089
0.1235  -20.93117408898924  -721.2050681054506
0.1236  -21.00323624587518  -720.0385417001393
0.1237  -21.07518189159395  -718.8748432370124
0.1238  -21.14701130848281  -717.7139635826298
0.1239  -21.21872477796749  -716.5558936403946
0.124  -21.29032258056591  -715.4006243503749
0.1241  -21.36180499589181  -714.2481466891264
0.1242  -21.4331723026584  -713.0984516695169
0.1243  -21.50442477868201  -711.9515303405502
0.1244  -21.57556270088564  -710.8073737871925
0.1245  -21.64658634530261  -709.6659731301992
0.1246  -21.71749598708005  -708.5273195259418
0.1247  -21.78829190048256  -707.3914041662377
0.1248  -21.85897435889564  -706.2582182781792
0.1249  -21.92954363482927  -705.1277531239642
0.125  -21.99999999992141  -704.0000000007279
0.1251  -22.07034372494146  -702.8749502403753
0.1252  -22.14057507979374  -701.7525952094142
0.1253  -22.21069433352097  -700.6329263087904
0.1254  -22.28070175430764  -699.5159349737222
0.1255  -22.35059760948349  -698.4016126735371
0.1256  -22.4203821655269  -697.2899509115088
0.1257  -22.49005568806825  -696.1809412246949
0.1258  -22.55961844189332  -695.0745751837766
0.1259  -22.62907069094662  -693.9708443928974
0.126  -22.69841269833476  -692.8697404895051
0.1261  -22.76764472632974  -691.7712551441924
0.1262  -22.83676703637227  -690.6753800605399
0.1263  -22.90577988907507  -689.5821069749591
0.1264  -22.97468354422612  -688.491427656537
0.1265  -23.04347826079195  -687.403333906881
0.1266  -23.11216429692087  -686.3178175599647
0.1267  -23.18074190994619  -685.2348704819749
0.1268  -23.24921135638946  -684.1544845711589
0.1269  -23.31757289196362  -683.0766517576736
0.127  -23.38582677157625  -682.0013640034343
0.1271  -23.45397324933269  -680.9286133019648
0.1272  -23.52201257853919  -679.8583916782486
0.1273  -23.58994501170609  -678.7906911885807
0.1274  -23.65777080055091  -677.72550392042
0.1275  -23.72549019600146  -676.6628219922428
0.1276  -23.79310344819896  -675.602637553397
0.1277  -23.86061080650108  -674.5449427839573
0.1278  -23.92801251948504  -673.4897298945805
0.1279  -23.99530883495065  -672.4369911263626
0.128  -24.06249999992335  -671.386718750696
0.1281  -24.12958626065721  -670.3389050691275
0.1282  -24.19656786263798  -669.2935424132173
0.1283  -24.26344505058605  -668.250623144399
0.1284  -24.33021806845943  -667.2101396538396
0.1285  -24.39688715945674  -666.1720843623011
0.1286  -24.46345256602016  -665.1364497200022
0.1287  -24.52991452983833  -664.1032282064812
0.1288  -24.59627329184933  -663.0724123304591
0.1289  -24.66252909224355  -662.0439946297045
0.129  -24.72868217046662  -661.017967670898
0.1291  -24.79473276522226  -659.994324049498
0.1292  -24.86068111447519  -658.9730563896073
0.1293  -24.92652745545395  -657.9541573438401
0.1294  -24.99227202465375  -656.9376195931894
0.1295  -25.05791505783935  -655.9234358468966
0.1296  -25.12345679004781  -654.9115988423198
0.1297  -25.18889745559134  -653.9021013448042
0.1298  -25.25423728806008  -652.894936147553
0.1299  -25.31947652032485  -651.8900960714982
0.13  -25.38461538453999  -650.8875739651729
0.1301  -25.44965411214604  -649.8873627045845
0.1302  -25.5145929338725  -648.8894551930873
0.1303  -25.5794320797406  -647.8938443612576
0.1304  -25.64417177906596  -646.9005231667677
0.1305  -25.70881226046131  -645.9094845942617
0.1306  -25.77335375183922  -644.9207216552315
0.1307  -25.83779648041471  -643.934227387894
0.1308  -25.90214067270798  -642.9499948570678
0.1309  -25.96638655454701  -641.9680171540523
0.131  -26.03053435107026  -640.9882873965053
0.1311  -26.09458428672925  -640.0107987283234
0.1312  -26.1585365852912  -639.0355443195217
0.1313  -26.22239146984163  -638.0625173661144
0.1314  -26.28614916278696  -637.0917110899961
0.1315  -26.34980988585709  -636.123118738824
0.1316  -26.41337386010796  -635.1567335859004
0.1317  -26.47684130592413  -634.1925489300555
0.1318  -26.54021244302131  -633.2305580955322
0.1319  -26.6034874904489  -632.2707544318692
0.132  -26.6666666665925  -631.3131313137875
0.1321  -26.72975018917646  -630.3576821410749
0.1322  -26.79273827526634  -629.4044003384728
0.1323  -26.85563114127144  -628.4532793555632
0.1324  -26.91842900294722  -627.5043126666558
0.1325  -26.98113207539783  -626.5574937706764
0.1326  -27.04374057307853  -625.6128161910552
0.1327  -27.10625470979814  -624.6702734756165
0.1328  -27.16867469872149  -623.7298591964681
0.1329  -27.23100075237182  -622.7915669498918
0.133  -27.29323308263319  -621.8553903562349
0.1331  -27.35537190075293  -620.9213230598009
0.1332  -27.41741741734396  -619.9893587287422
0.1333  -27.47936984238722  -619.0594910549528
0.1334  -27.54122938523401  -618.1317137539611
0.1335  -27.60299625460837  -617.2060205648244
0.1336  -27.66467065860941  -616.2824052500225
0.1337  -27.72625280471367  -615.3608615953534
0.1338  -27.78774289977742  -614.4413834098282
0.1339  -27.84914115003898  -613.5239645255672
0.134  -27.91044776112104  -612.6085987976969
0.1341  -27.97166293803296  -611.6952801042465
0.1342  -28.03278688517303  -610.7840023460461
0.1343  -28.09381980633076  -609.8747594466245
0.1344  -28.15476190468915  -608.9675453521077
0.1345  -28.21561338282693  -608.0623540311188
0.1346  -28.27637444272083  -607.1591794746776
0.1347  -28.33704528574776  -606.2580156961
0.1348  -28.39762611268712  -605.3588567308999
0.1349  -28.45811712372294  -604.46169663669
0.135  -28.51851851844611  -603.5665294930837
0.1351  -28.5788304958566  -602.6733494015975
0.1352  -28.63905325436558  -601.7821504855535
0.1353  -28.69918699179769  -600.8929268899832
0.1354  -28.75923190539311  -600.005672781531
0.1355  -28.8191881918098  -599.1203823483587
0.1356  -28.87905604712558  -598.2370498000504
0.1357  -28.93883566684031  -597.3556693675174
0.1358  -28.99852724587799  -596.4762353029046
0.1359  -29.0581309785889  -595.5987418794962
0.136  -29.11764705875171  -594.7231833916229
0.1361  -29.17707567957556  -593.8495541545692
0.1362  -29.23641703370216  -592.9778485044807
0.1363  -29.29567131320788  -592.1080607982725
0.1364  -29.35483870960583  -591.2401854135381
0.1365  -29.41391941384788  -590.3742167484583
0.1366  -29.47291361632677  -589.5101492217105
0.1367  -29.53182150687811  -588.6479772723799
0.1368  -29.59064327478244  -587.7876953598684
0.1369  -29.64937910876726  -586.9292979638069
0.137  -29.70802919700904  -586.0727795839663
0.1371  -29.76659372713523  -585.2181347401691
0.1372  -29.82507288622624  -584.3653579722024
0.1373  -29.88346686081749  -583.51444383973
0.1374  -29.94177583690132  -582.6653869222059
0.1375  -29.99999999992904  -581.8181818187883
0.1376  -30.05813953481282  -580.9728231482529
0.1377  -30.1161946259277  -580.1293055489086
0.1378  -30.17416545711353  -579.2876236785115
0.1379  -30.23205221167691  -578.4477722141806
0.138  -30.28985507239309  -577.6097458523139
0.1381  -30.34757422150794  -576.7735393085045
0.1382  -30.40520984073985  -575.939147317457
0.1383  -30.46276211128162  -575.1065646329052
0.1384  -30.52023121380238  -574.2757860275292
0.1385  -30.57761732844946  -573.4468062928734
0.1386  -30.63492063485029  -572.6196202392649
0.1387  -30.69214131211428  -571.7942226957327
0.1388  -30.74927953883467  -570.9706085099261
0.1389  -30.80633549309037  -570.1487725480349
0.139  -30.86330935244786  -569.328709694709
0.1391  -30.920201293963  -568.5104148529792
0.1392  -30.97701149418286  -567.6938829441779
0.1393  -31.03374012914756  -566.8791089078597
0.1394  -31.09038737439208  -566.0660877017241
0.1395  -31.14695340494808  -565.2548143015365
0.1396  -31.20343839534569  -564.4452837010512
0.1397  -31.25984251961531  -563.6374909119336
0.1398  -31.31616595128941  -562.8314309636839
0.1399  -31.37240886340429  -562.0270989035606
0.14  -31.42857142850186  -561.2244897965039
0.1401  -31.48465381863141  -560.4235987250606
0.1402  -31.54065620535137  -559.6244207893084
0.1403  -31.59657875973102  -558.8269511067811
0.1404  -31.6524216523523  -558.0311848123939
0.1405  -31.70818505331149  -557.2371170583696
0.1406  -31.76386913222095  -556.444743014164
0.1407  -31.81947405821084  -555.6540578663935
0.1408  -31.87499999993087  -554.8650568187609
0.1409  -31.93044712555193  -554.0777350919834
0.141  -31.98581560276786  -553.2920879237201
0.1411  -32.04110559879708  -552.5081105684998
0.1412  -32.09631728038434  -551.7257982976491
0.1413  -32.15145081380233  -550.9451463992219
0.1414  -32.2065063648534  -550.1661501779279
0.1415  -32.26148409887117  -549.3888049550617
0.1416  -32.31638418072226  -548.6131060684332
0.1417  -32.37120677480785  -547.8390488722974
0.1418  -32.4259520450654  -547.0666287372849
0.1419  -32.48062015497023  -546.2958410503325
0.142  -32.53521126753715  -545.5266812146144
0.1421  -32.58972554532214  -544.759144649474
0.1422  -32.64416315042389  -543.9932267903553
0.1423  -32.69852424448543  -543.2289230887349
0.1424  -32.75280898869577  -542.466229012055
0.1425  -32.80701754379142  -541.705140043656
0.1426  -32.86115007005806  -540.9456516827094
0.1427  -32.91520672733203  -540.1877594441513
0.1428  -32.96918767500197  -539.4314588586166
0.1429  -33.02309307201037  -538.6767454723725
0.143  -33.07692307685512  -537.9236148472537
0.1431  -33.13067784759108  -537.1720625605963
0.1432  -33.1843575418316  -536.4220842051733
0.1433  -33.23796231675007  -535.67367538913
0.1434  -33.29149232908149  -534.9268317359199
0.1435  -33.34494773512395  -534.1815488842401
0.1436  -33.39832869074016  -533.4378224879682
0.1437  -33.451635351359  -532.6956482160988
0.1438  -33.50486787197698  -531.9550217526803
0.1439  -33.55802640715977  -531.2159387967522
0.144  -33.61111111104369  -530.4783950622827
0.1441  -33.66412213733721  -529.7423862781068
0.1442  -33.71705963932241  -529.0079081878639
0.1443  -33.7699237698565  -528.2749565499369
0.1444  -33.82271468137322  -527.5435271373904
0.1445  -33.87543252588438  -526.81361573791
0.1446  -33.92807745498129  -526.0852181537421
0.1447  -33.98064961983619  -525.3583302016324
0.1448  -34.03314917120371  -524.6329477127672
0.1449  -34.08557625942235  -523.9090665327126
0.145  -34.13793103441586  -523.1866825213555
0.1451  -34.19021364569469  -522.4657915528443
0.1452  -34.24242424235744  -521.74638951553
0.1453  -34.29456297309223  -521.0284723119075
0.1454  -34.34662998617814  -520.3120358585575
0.1455  -34.39862542948662  -519.5970760860879
0.1456  -34.45054945048286  -518.8835889390766
0.1457  -34.50240219622722  -518.1715703760137
0.1458  -34.55418381337658  -517.4610163692444
0.1459  -34.60589444818579  -516.7519229049117
0.146  -34.65753424650895  -516.0442859829003
0.1461  -34.70910335380088  -515.3381016167798
0.1462  -34.76060191511839  -514.6333658337484
0.1463  -34.81203007512173  -513.9300746745773
0.1464  -34.86338797807589  -513.2282241935553
0.1465  -34.91467576785195  -512.527810458433
0.1466  -34.96589358792846  -511.8288295503679
0.1467  -35.01704158139272  -511.1312775638696
0.1468  -35.06811989094219  -510.4351506067452
0.1469  -35.11912865888574  -509.7404448000453
0.147  -35.170068027145  -509.0471562780094
0.1471  -35.22093813725571  -508.3552811880127
0.1472  -35.271739130369  -507.6648156905122
0.1473  -35.32247114725266  -506.9757559589934
0.1474  -35.37313432829252  -506.2880981799177
0.1475  -35.42372881349369  -505.6018385526692
0.1476  -35.47425474248184  -504.9169732895024
0.1477  -35.52471225450454  -504.2334986154899
0.1478  -35.57510148843248  -503.5514107684702
0.1479  -35.62542258276079  -502.8707059989965
0.148  -35.67567567561029  -502.1913805702844
0.1481  -35.72586090472872  -501.5134307581611
0.1482  -35.77597840749207  -500.8368528510143
0.1483  -35.82602832090577  -500.1616431497412
0.1484  -35.87601078160598  -499.4877979676982
0.1485  -35.9259259258608  -498.8153136306505
0.1486  -35.97577388957153  -498.1441864767219
0.1487  -36.02555480827391  -497.4744128563449
0.1488  -36.07526881713932  -496.8059891322116
0.1489  -36.12491605097604  -496.1389116792234
0.149  -36.17449664423042  -495.4731768844428
0.1491  -36.22401073098816  -494.8087811470439
0.1492  -36.27345844497543  -494.1457208782639
0.1493  -36.32283991956018  -493.4839925013545
0.1494  -36.37215528775325  -492.8235924515338
0.1495  -36.42140468220961  -492.1645171759384
0.1496  -36.47058823522953  -491.5067631335753
0.1497  -36.51970607875978  -490.8503267952747
0.1498  -36.56875834439479  -490.1952046436422
0.1499  -36.61774516337786  -489.5413931730123
0.15  -36.66666666660228  -488.8888888894008
