0.0001  94.34029929955248
0.001100900900900901  23.6992281136778
0.002101801801801802  15.20752714258335
0.003102702702702703  11.25898546375404
0.004103603603603604  8.858111699146566
0.005104504504504504  7.201339588711378
0.006105405405405406  5.969466492300292
0.007106306306306306  5.007114792962065
0.008107207207207206  4.228375385965711
0.009108108108108108  3.581372456044198
0.01010900900900901  3.032681484452075
0.01110990990990991  2.559665309801055
0.01211081081081081  2.146373647719429
0.01311171171171171  1.781199961586346
0.01411261261261261  1.455469683857937
0.01511351351351351  1.162551654873109
0.01611441441441441  0.8972780233265043
0.01711531531531531  0.6555535405746644
0.01811621621621622  0.4340852501817114
0.01911711711711711  0.2301910444146165
0.02011801801801802  0.04166125765251838
0.02111891891891892  -0.1333432387278366
0.02211981981981982  -0.2963672983072243
0.02312072072072072  -0.4487194122308233
0.02412162162162162  -0.5915162724871976
0.02512252252252252  -0.7257174768342178
0.02612342342342342  -0.8521528535640517
0.02712432432432432  -0.9715441921541288
0.02812522522522522  -1.084522684952625
0.02912612612612613  -1.191643045827139
0.03012702702702702  -1.293395029071346
0.03112792792792793  -1.390212896073673
0.03212882882882883  -1.482483248367513
0.03312972972972973  -1.570551550140386
0.03413063063063063  -1.654727591723151
0.03513153153153153  -1.735290091472256
0.03613243243243244  -1.812490592175349
0.03713333333333334  -1.886556776347429
0.03813423423423423  -1.957695300152329
0.03913513513513513  -2.026094226439473
0.04013603603603604  -2.091925122244373
0.04113693693693694  -2.155344874109391
0.04213783783783784  -2.216497265023952
0.04313873873873874  -2.275514349121218
0.04413963963963964  -2.332517654090682
0.04514054054054054  -2.387619236258843
0.04614144144144144  -2.440922609210752
0.04714234234234235  -2.492523563485622
0.04814324324324325  -2.542510892133067
0.04914414414414414  -2.590967034647598
0.05014504504504504  -2.637968649916821
0.05114594594594594  -2.68358712725098
0.05214684684684685  -2.727889043250672
0.05314774774774775  -2.770936571169402
0.05414864864864865  -2.812787848501089
0.05514954954954955  -2.853497307739564
0.05615045045045045  -2.89311597459321
0.05715135135135135  -2.931691737373108
0.05815225225225226  -2.969269590791339
0.05915315315315315  -3.005891856993814
0.06015405405405405  -3.041598386298298
0.06115495495495495  -3.076426739803969
0.06215585585585585  -3.110412355776308
0.06315675675675676  -3.143588701484081
0.06415765765765766  -3.17598741196834
0.06515855855855855  -3.207638417052311
0.06615945945945946  -3.238570057752069
0.06716036036036035  -3.26880919311783
0.06816126126126126  -3.298381298421948
0.06916216216216216  -3.327310555509967
0.07016306306306307  -3.355619936043468
0.07116396396396396  -3.383331278286376
0.07216486486486487  -3.410465358018393
0.07316576576576576  -3.437041954099187
0.07416666666666667  -3.463079909153814
0.07516756756756757  -3.488597185802738
0.07616846846846846  -3.513610918817971
0.07716936936936937  -3.538137463549675
0.07817027027027026  -3.562192440934367
0.07917117117117117  -3.585790779366337
0.08017207207207207  -3.608946753687425
0.08117297297297298  -3.631674021526677
0.08217387387387387  -3.653985657200152
0.08317477477477478  -3.675894183362198
0.08417567567567567  -3.69741160058235
0.08517657657657658  -3.718549415006646
0.08617747747747748  -3.739318664248308
0.08717837837837837  -3.759729941640185
0.08817927927927928  -3.779793418970111
0.08918018018018017  -3.799518867810053
0.09018108108108108  -3.818915679540739
0.09118198198198198  -3.837992884164995
0.09218288288288289  -3.856759167995488
0.09318378378378378  -3.875222890295583
0.09418468468468469  -3.893392098945784
0.09518558558558558  -3.911274545202501
0.09618648648648649  -3.92887769761061
0.09718738738738739  -3.946208755126612
0.09818828828828828  -3.963274659504751
0.09918918918918919  -3.98008210699453
0.1001900900900901  -3.996637559394439
0.101190990990991  -4.012947254503336
0.1021918918918919  -4.029017216007903
0.1031927927927928  -4.044853262841798
0.1041936936936937  -4.060461018049526
0.1051945945945946  -4.075845917185752
0.1061954954954955  -4.091013216278503
0.1071963963963964  -4.105967999382825
0.1081972972972973  -4.120715185749546
0.1091981981981982  -4.135259536632077
0.1101990990990991  -4.149605661752713
0.1112  -4.163758025448338
0.1122009009009009  -4.177720952514174
0.1132018018018018  -4.191498633762955
0.1142027027027027  -4.20509513131575
0.1152036036036036  -4.218514383639619
0.1162045045045045  -4.2317602103463
0.1172054054054054  -4.244836316765205
0.1182063063063063  -4.257746298303166
0.1192072072072072  -4.270493644602581
0.1202081081081081  -4.2830817435089
0.121209009009009  -4.295513884857684
0.1222099099099099  -4.307793264090858
0.1232108108108108  -4.319922985711202
0.1242117117117117  -4.33190606658354
0.1252126126126126  -4.343745439090627
0.1262135135135135  -4.355443954151214
0.1272144144144144  -4.367004384107372
0.1282153153153153  -4.378429425487681
0.1292162162162162  -4.389721701652584
0.1302171171171171  -4.400883765327766
0.131218018018018  -4.411918101031143
0.1322189189189189  -4.422827127398671
0.1332198198198198  -4.433613199413966
0.1342207207207207  -4.444278610546355
0.1352216216216216  -4.454825594801811
0.1362225225225225  -4.465256328690893
0.1372234234234234  -4.475572933117688
0.1382243243243243  -4.485777475193418
0.1392252252252252  -4.495871969978275
0.1402261261261261  -4.505858382154805
0.141227027027027  -4.515738627635997
0.1422279279279279  -4.52551457511107
0.1432288288288288  -4.535188047531783
0.1442297297297297  -4.544760823541973
0.1452306306306306  -4.554234638852845
0.1462315315315315  -4.563611187566435
0.1472324324324324  -4.572892123449559
0.1482333333333333  -4.582079061160387
0.1492342342342342  -4.591173577429746
0.1502351351351351  -4.600177212199087
0.151236036036036  -4.609091469716999
0.1522369369369369  -4.61791781959603
0.1532378378378378  -4.626657697831522
0.1542387387387387  -4.635312507784036
0.1552396396396396  -4.643883621126917
0.1562405405405405  -4.652372378760444
0.1572414414414414  -4.660780091693946
0.1582423423423423  -4.669108041897209
0.1592432432432432  -4.677357483122417
0.1602441441441441  -4.68552964169785
0.161245045045045  -4.693625717294445
0.1622459459459459  -4.701646883666334
0.1632468468468468  -4.709594289366395
0.1642477477477477  -4.717469058437796
0.1652486486486486  -4.725272291082479
0.1662495495495495  -4.733005064307505
0.1672504504504504  -4.740668432550097
0.1682513513513513  -4.748263428282217
0.1692522522522522  -4.755791062595478
0.1702531531531531  -4.763252325767109
0.171254054054054  -4.770648187807732
0.1722549549549549  -4.777979598991609
0.1732558558558558  -4.785247490370029
0.1742567567567567  -4.79245277426848
0.1752576576576576  -4.799596344768174
0.1762585585585585  -4.806679078172527
0.1772594594594595  -4.813701833459154
0.1782603603603603  -4.820665452717885
0.1792612612612612  -4.827570761575323
0.1802621621621621  -4.83441856960643
0.1812630630630631  -4.841209670733596
0.1822639639639639  -4.847944843613667
0.1832648648648648  -4.854624852013315
0.1842657657657658  -4.86125044517321
0.1852666666666666  -4.867822358161341
0.1862675675675675  -4.87434131221591
0.1872684684684685  -4.880808015078124
0.1882693693693694  -4.88722316131526
0.1892702702702702  -4.89358743263432
0.1902711711711711  -4.899901498186618
0.1912720720720721  -4.906166014863576
0.192272972972973  -4.912381627584068
0.1932738738738738  -4.918548969573559
0.1942747747747748  -4.924668662635334
0.1952756756756757  -4.930741317414083
0.1962765765765765  -4.936767533652075
0.1972774774774775  -4.942747900438201
0.1982783783783784  -4.948682996450067
0.1992792792792793  -4.954573390189436
0.2002801801801802  -4.960419640211155
0.2012810810810811  -4.966222295345845
0.202281981981982  -4.971981894916517
0.2032828828828828  -4.977698968949322
0.2042837837837838  -4.98337403837861
0.2052846846846847  -4.989007615246501
0.2062855855855856  -4.994600202897118
0.2072864864864865  -5.000152296165659
0.2082873873873874  -5.005664381562481
0.2092882882882883  -5.011136937452315
0.2102891891891892  -5.01657043422882
0.2112900900900901  -5.021965334484552
0.212290990990991  -5.027322093176559
0.2132918918918919  -5.032641157787666
0.2142927927927928  -5.03792296848364
0.2152936936936937  -5.043167958266324
0.2162945945945946  -5.048376553122863
0.2172954954954955  -5.053549172171175
0.2182963963963964  -5.05868622780172
0.2192972972972973  -5.063788125815728
0.2202981981981982  -5.068855265559964
0.2212990990990991  -5.073888040058147
0.2223  -5.078886836139098
0.2233009009009009  -5.083852034561746
0.2243018018018018  -5.088784010137049
0.2253027027027027  -5.093683131846948
0.2263036036036036  -5.09854976296041
0.2273045045045045  -5.103384261146676
0.2283054054054054  -5.108186978585769
0.2293063063063063  -5.112958262076343
0.2303072072072072  -5.117698453140969
0.2313081081081081  -5.122407888128897
0.232309009009009  -5.12708689831639
0.2333099099099099  -5.131735810004688
0.2343108108108108  -5.136354944615671
0.2353117117117117  -5.140944618785287
0.2363126126126126  -5.14550514445479
0.2373135135135135  -5.150036828959875
0.2383144144144144  -5.15453997511774
0.2393153153153153  -5.159014881312161
0.2403162162162162  -5.163461841576599
0.2413171171171171  -5.167881145675427
0.242318018018018  -5.172273079183295
0.2433189189189189  -5.176637923562718
0.2443198198198198  -5.180975956239891
0.2453207207207207  -5.185287450678828
0.2463216216216216  -5.189572676453823
0.2473225225225225  -5.193831899320307
0.2483234234234234  -5.198065381284135
0.2493243243243243  -5.202273380669336
0.2503252252252252  -5.206456152184382
0.2513261261261261  -5.210613946986988
0.252327027027027  -5.214747012747524
0.2533279279279279  -5.218855593711022
0.2543288288288288  -5.222939930757858
0.2553297297297297  -5.227000261463117
0.2563306306306306  -5.231036820154687
0.2573315315315315  -5.235049837970101
0.2583324324324324  -5.23903954291219
0.2593333333333333  -5.243006159903515
0.2603342342342342  -5.246949910839695
0.2613351351351351  -5.250871014641572
0.262336036036036  -5.254769687306298
0.2633369369369369  -5.25864614195736
0.2643378378378378  -5.262500588893547
0.2653387387387387  -5.266333235636909
0.2663396396396396  -5.270144286979733
0.2673405405405405  -5.27393394503053
0.2683414414414414  -5.277702409259099
0.2693423423423423  -5.281449876540663
0.2703432432432432  -5.285176541199097
0.2713441441441441  -5.288882595049293
0.272345045045045  -5.292568227438657
0.2733459459459459  -5.296233625287782
0.2743468468468468  -5.299878973130287
0.2753477477477477  -5.303504453151879
0.2763486486486486  -5.307110245228623
0.2773495495495495  -5.310696526964458
0.2783504504504504  -5.314263473727968
0.2793513513513513  -5.317811258688431
0.2803522522522522  -5.32134005285116
0.2813531531531531  -5.324850025092145
0.282354054054054  -5.328341342192035
0.2833549549549549  -5.331814168869437
0.2843558558558558  -5.335268667813599
0.2853567567567568  -5.338704999716436
0.2863576576576576  -5.342123323303948
0.2873585585585585  -5.345523795367047
0.2883594594594595  -5.348906570791788
0.2893603603603603  -5.352271802589014
0.2903612612612612  -5.355619641923453
0.2913621621621622  -5.358950238142267
0.292363063063063  -5.362263738803049
0.2933639639639639  -5.365560289701305
0.2943648648648649  -5.36884003489742
0.2953657657657657  -5.372103116743123
0.2963666666666667  -5.375349675907452
0.2973675675675675  -5.37857985140225
0.2983684684684684  -5.381793780607184
0.2993693693693694  -5.384991599294302
0.3003702702702702  -5.388173441652143
0.3013711711711711  -5.391339440309409
0.3023720720720721  -5.394489726358199
0.3033729729729729  -5.39762442937683
0.3043738738738738  -5.400743677452235
0.3053747747747748  -5.403847597201964
0.3063756756756756  -5.406936313795792
0.3073765765765766  -5.410009950976933
0.3083774774774775  -5.413068631082877
0.3093783783783783  -5.416112475065859
0.3103792792792793  -5.419141602512966
0.3113801801801802  -5.422156131665881
0.312381081081081  -5.425156179440286
0.313381981981982  -5.428141861444923
0.3143828828828829  -5.431113292000319
0.3153837837837837  -5.434070584157185
0.3163846846846847  -5.437013849714496
0.3173855855855856  -5.439943199237252
0.3183864864864865  -5.442858742073946
0.3193873873873874  -5.44576058637371
0.3203882882882882  -5.448648839103182
0.3213891891891892  -5.451523606063083
0.3223900900900901  -5.454384991904503
0.3233909909909909  -5.457233100144911
0.3243918918918919  -5.460068033183907
0.3253927927927928  -5.462889892318685
0.3263936936936936  -5.465698777759254
0.3273945945945946  -5.468494788643394
0.3283954954954955  -5.471278023051362
0.3293963963963964  -5.474048578020358
0.3303972972972973  -5.476806549558736
0.3313981981981982  -5.479552032660001
0.3323990990990991  -5.482285121316549
0.3334  -5.485005908533203
0.3344009009009009  -5.487714486340507
0.3354018018018018  -5.490410945807813
0.3364027027027027  -5.493095377056159
0.3374036036036036  -5.495767869270914
0.3384045045045045  -5.498428510714246
0.3394054054054054  -5.501077388737367
0.3404063063063063  -5.503714589792589
0.3414072072072072  -5.506340199445185
0.3424081081081081  -5.508954302385051
0.343409009009009  -5.511556982438201
0.3444099099099099  -5.51414832257805
0.3454108108108108  -5.516728404936544
0.3464117117117117  -5.519297310815097
0.3474126126126126  -5.521855120695355
0.3484135135135135  -5.524401914249803
0.3494144144144144  -5.526937770352188
0.3504153153153153  -5.529462767087789
0.3514162162162162  -5.531976981763528
0.3524171171171171  -5.534480490917905
0.353418018018018  -5.536973370330806
0.3544189189189189  -5.539455695033137
0.3554198198198198  -5.541927539316316
0.3564207207207207  -5.544388976741621
0.3574216216216216  -5.546840080149386
0.3584225225225225  -5.549280921668068
0.3594234234234234  -5.551711572723162
0.3604243243243243  -5.554132104045988
0.3614252252252252  -5.556542585682346
0.3624261261261261  -5.558943087001029
0.363427027027027  -5.561333676702217
0.3644279279279279  -5.563714422825742
0.3654288288288288  -5.566085392759224
0.3664297297297297  -5.56844665324609
0.3674306306306306  -5.570798270393475
0.3684315315315315  -5.573140309679991
0.3694324324324324  -5.575472835963398
0.3704333333333333  -5.577795913488149
0.3714342342342342  -5.580109605892836
0.3724351351351351  -5.5824139762175
0.373436036036036  -5.584709086910868
0.3744369369369369  -5.586994999837456
0.3754378378378378  -5.589271776284579
0.3764387387387387  -5.591539476969261
0.3774396396396396  -5.593798162045035
0.3784405405405405  -5.596047891108656
0.3794414414414414  -5.598288723206706
0.3804423423423423  -5.600520716842105
0.3814432432432432  -5.602743929980541
0.3824441441441441  -5.604958420056783
0.383445045045045  -5.607164243980926
0.3844459459459459  -5.609361458144542
0.3854468468468468  -5.611550118426726
0.3864477477477477  -5.61373028020008
0.3874486486486486  -5.6159019983366
0.3884495495495495  -5.618065327213473
0.3894504504504504  -5.620220320718808
0.3904513513513513  -5.622367032257274
0.3914522522522522  -5.624505514755662
0.3924531531531531  -5.626635820668371
0.393454054054054  -5.628758001982816
0.3944549549549549  -5.630872110224757
0.3954558558558558  -5.632978196463561
0.3964567567567567  -5.635076311317382
0.3974576576576576  -5.637166504958286
0.3984585585585586  -5.639248827117273
0.3994594594594594  -5.641323327089271
0.4004603603603603  -5.643390053738029
0.4014612612612612  -5.645449055500954
0.4024621621621621  -5.647500380393891
0.403463063063063  -5.649544076015819
0.4044639639639639  -5.651580189553497
0.4054648648648648  -5.653608767786047
0.4064657657657657  -5.655629857089464
0.4074666666666666  -5.657643503441077
0.4084675675675675  -5.659649752423944
0.4094684684684685  -5.661648649231188
0.4104693693693693  -5.663640238670274
0.4114702702702702  -5.665624565167233
0.4124711711711712  -5.667601672770829
0.413472072072072  -5.66957160515666
0.4144729729729729  -5.671534405631228
0.4154738738738739  -5.673490117135922
0.4164747747747747  -5.67543878225098
0.4174756756756756  -5.677380443199382
0.4184765765765766  -5.679315141850695
0.4194774774774774  -5.681242919724859
0.4204783783783784  -5.683163817995949
0.4214792792792793  -5.685077877495857
0.4224801801801801  -5.686985138717946
0.4234810810810811  -5.688885641820646
0.4244819819819819  -5.690779426631015
0.4254828828828828  -5.692666532648241
0.4264837837837838  -5.694546999047103
0.4274846846846846  -5.696420864681396
0.4284855855855855  -5.698288168087298
0.4294864864864865  -5.700148947486706
0.4304873873873873  -5.702003240790518
0.4314882882882883  -5.703851085601888
0.4324891891891892  -5.705692519219419
0.43349009009009  -5.707527578640343
0.434490990990991  -5.709356300563626
0.4354918918918919  -5.71117872139307
0.4364927927927927  -5.712994877240346
0.4374936936936937  -5.714804803928011
0.4384945945945946  -5.716608536992472
0.4394954954954954  -5.718406111686916
0.4404963963963964  -5.720197562984215
0.4414972972972973  -5.721982925579775
0.4424981981981982  -5.723762233894369
0.4434990990990991  -5.725535522076918
0.4445  -5.727302824007255
0.4455009009009009  -5.729064173298834
0.4465018018018018  -5.730819603301427
0.4475027027027026  -5.732569147103772
0.4485036036036036  -5.734312837536196
0.4495045045045045  -5.736050707173204
0.4505054054054053  -5.737782788336037
0.4515063063063063  -5.739509113095201
0.4525072072072072  -5.741229713272953
0.4535081081081081  -5.742944620445778
0.454509009009009  -5.744653865946818
0.4555099099099099  -5.746357480868279
0.4565108108108108  -5.748055496063809
0.4575117117117117  -5.749747942150846
0.4585126126126126  -5.751434849512937
0.4595135135135135  -5.753116248302032
0.4605144144144144  -5.754792168440748
0.4615153153153153  -5.756462639624609
0.4625162162162162  -5.758127691324253
0.4635171171171171  -5.759787352787622
0.464518018018018  -5.76144165304212
0.4655189189189189  -5.763090620896741
0.4665198198198198  -5.764734284944189
0.4675207207207207  -5.766372673562949
0.4685216216216216  -5.768005814919355
0.4695225225225225  -5.76963373696962
0.4705234234234234  -5.771256467461853
0.4715243243243243  -5.77287403393804
0.4725252252252252  -5.774486463736011
0.4735261261261261  -5.776093783991385
0.474527027027027  -5.777696021639485
0.4755279279279279  -5.779293203417236
0.4765288288288288  -5.780885355865043
0.4775297297297297  -5.782472505328639
0.4785306306306306  -5.784054677960922
0.4795315315315315  -5.785631899723766
0.4805324324324324  -5.787204196389806
0.4815333333333333  -5.788771593544214
0.4825342342342342  -5.790334116586449
0.4835351351351351  -5.791891790731976
0.484536036036036  -5.793444641013994
0.4855369369369369  -5.794992692285112
0.4865378378378378  -5.796535969219024
0.4875387387387387  -5.798074496312167
0.4885396396396396  -5.79960829788535
0.4895405405405405  -5.801137398085372
0.4905414414414414  -5.802661820886618
0.4915423423423423  -5.804181590092639
0.4925432432432432  -5.805696729337718
0.4935441441441441  -5.807207262088406
0.494545045045045  -5.808713211645059
0.4955459459459459  -5.810214601143343
0.4965468468468468  -5.811711453555728
0.4975477477477477  -5.813203791692968
0.4985486486486486  -5.814691638205558
0.4995495495495495  -5.816175015585181
0.5005504504504504  -5.817653946166141
0.5015513513513513  -5.819128452126765
0.5025522522522522  -5.820598555490815
0.5035531531531531  -5.822064278128856
0.5045540540540541  -5.823525641759636
0.5055549549549549  -5.82498266795143
0.5065558558558558  -5.826435378123382
0.5075567567567567  -5.827883793546829
0.5085576576576576  -5.829327935346605
0.5095585585585585  -5.83076782450234
0.5105594594594595  -5.832203481849742
0.5115603603603603  -5.833634928081857
0.5125612612612612  -5.835062183750331
0.5135621621621621  -5.836485269266647
0.514563063063063  -5.837904204903348
0.515563963963964  -5.839319010795256
0.5165648648648649  -5.840729706940669
0.5175657657657657  -5.842136313202555
0.5185666666666666  -5.843538849309715
0.5195675675675675  -5.844937334857961
0.5205684684684684  -5.846331789311254
0.5215693693693694  -5.847722232002852
0.5225702702702703  -5.84910868213643
0.5235711711711711  -5.850491158787197
0.524572072072072  -5.851869680903
0.5255729729729729  -5.853244267305412
0.5265738738738739  -5.854614936690817
0.5275747747747748  -5.855981707631474
0.5285756756756756  -5.857344598576575
0.5295765765765765  -5.858703627853297
0.5305774774774774  -5.86005881366783
0.5315783783783783  -5.86141017410641
0.5325792792792793  -5.862757727136321
0.5335801801801802  -5.864101490606917
0.534581081081081  -5.865441482250598
0.5355819819819819  -5.866777719683805
0.5365828828828828  -5.868110220407988
0.5375837837837838  -5.869439001810572
0.5385846846846847  -5.870764081165905
0.5395855855855856  -5.872085475636211
0.5405864864864864  -5.873403202272516
0.5415873873873873  -5.874717278015575
0.5425882882882882  -5.876027719696792
0.5435891891891892  -5.877334544039115
0.5445900900900901  -5.878637767657948
0.545590990990991  -5.879937407062023
0.5465918918918918  -5.881233478654292
0.5475927927927927  -5.882525998732786
0.5485936936936937  -5.883814983491489
0.5495945945945946  -5.885100449021175
0.5505954954954955  -5.886382411310268
0.5515963963963963  -5.887660886245664
0.5525972972972972  -5.888935889613568
0.5535981981981981  -5.890207437100309
0.5545990990990991  -5.891475544293153
0.5556  -5.8927402266811
0.5566009009009009  -5.89400149965569
0.5576018018018017  -5.895259378511781
0.5586027027027026  -5.896513878448332
0.5596036036036036  -5.897765014569172
0.5606045045045045  -5.899012801883772
0.5616054054054054  -5.900257255307987
0.5626063063063063  -5.901498389664825
0.5636072072072071  -5.902736219685169
0.564608108108108  -5.903970760008529
0.565609009009009  -5.905202025183756
0.5666099099099099  -5.906430029669771
0.5676108108108108  -5.907654787836275
0.5686117117117117  -5.908876313964457
0.5696126126126125  -5.910094622247694
0.5706135135135135  -5.911309726792243
0.5716144144144144  -5.912521641617923
0.5726153153153153  -5.913730380658809
0.5736162162162162  -5.914935957763886
0.574617117117117  -5.916138386697733
0.5756180180180179  -5.917337681141172
0.5766189189189189  -5.918533854691927
0.5776198198198198  -5.919726920865273
0.5786207207207207  -5.92091689309467
0.5796216216216216  -5.922103784732413
0.5806225225225224  -5.923287609050247
0.5816234234234234  -5.924468379239996
0.5826243243243243  -5.925646108414186
0.5836252252252252  -5.92682080960665
0.5846261261261261  -5.927992495773136
0.585627027027027  -5.929161179791909
0.5866279279279278  -5.930326874464344
0.5876288288288288  -5.931489592515517
0.5886297297297297  -5.932649346594786
0.5896306306306306  -5.933806149276376
0.5906315315315315  -5.93496001305994
0.5916324324324324  -5.936110950371141
0.5926333333333333  -5.937258973562201
0.5936342342342342  -5.938404094912468
0.5946351351351351  -5.939546326628963
0.595636036036036  -5.940685680846927
0.5966369369369369  -5.941822169630364
0.5976378378378377  -5.942955804972579
0.5986387387387387  -5.944086598796707
0.5996396396396396  -5.945214562956241
0.6006405405405405  -5.946339709235556
0.6016414414414414  -5.947462049350424
0.6026423423423423  -5.948581594948528
0.6036432432432433  -5.949698357609968
0.6046441441441441  -5.950812348847768
0.605645045045045  -5.951923580108374
0.6066459459459459  -5.953032062772142
0.6076468468468468  -5.954137808153835
0.6086477477477477  -5.95524082750311
0.6096486486486487  -5.956341132004989
0.6106495495495495  -5.957438732780346
0.6116504504504504  -5.958533640886373
0.6126513513513513  -5.959625867317051
0.6136522522522522  -5.960715423003611
0.6146531531531532  -5.961802318815
0.615654054054054  -5.962886565558327
0.6166549549549549  -5.963968173979324
0.6176558558558558  -5.965047154762789
0.6186567567567567  -5.966123518533028
0.6196576576576576  -5.967197275854298
0.6206585585585586  -5.968268437231243
0.6216594594594594  -5.969337013109321
0.6226603603603603  -5.970403013875238
0.6236612612612612  -5.971466449857369
0.6246621621621621  -5.972527331326177
0.6256630630630631  -5.973585668494636
0.626663963963964  -5.974641471518636
0.6276648648648648  -5.975694750497397
0.6286657657657657  -5.976745515473881
0.6296666666666666  -5.977793776435179
0.6306675675675675  -5.978839543312924
0.6316684684684685  -5.979882825983681
0.6326693693693693  -5.980923634269338
0.6336702702702702  -5.981961977937496
0.6346711711711711  -5.982997866701856
0.635672072072072  -5.984031310222599
0.636672972972973  -5.985062318106759
0.6376738738738739  -5.986090899908612
0.6386747747747747  -5.987117065130033
0.6396756756756756  -5.988140823220876
0.6406765765765765  -5.989162183579336
0.6416774774774774  -5.990181155552307
0.6426783783783784  -5.991197748435748
0.6436792792792793  -5.992211971475036
0.6446801801801801  -5.993223833865322
0.645681081081081  -5.994233344751877
0.6466819819819819  -5.995240513230446
0.6476828828828829  -5.996245348347582
0.6486837837837838  -5.997247859100998
0.6496846846846847  -5.998248054439902
0.6506855855855855  -5.999245943265327
0.6516864864864864  -6.000241534430477
0.6526873873873873  -6.001234836741039
0.6536882882882883  -6.00222585895553
0.6546891891891892  -6.003214609785604
0.65569009009009  -6.004201097896386
0.6566909909909909  -6.005185331906786
0.6576918918918918  -6.006167320389814
0.6586927927927928  -6.007147071872899
0.6596936936936937  -6.008124594838195
0.6606945945945946  -6.009099897722892
0.6616954954954954  -6.010072988919521
0.6626963963963963  -6.011043876776263
0.6636972972972972  -6.012012569597237
0.6646981981981982  -6.012979075642815
0.6656990990990991  -6.013943403129902
0.6667  -6.014905560232243
0.6677009009009008  -6.015865555080706
0.6687018018018017  -6.016823395763571
0.6697027027027027  -6.017779090326824
0.6707036036036036  -6.01873264677443
0.6717045045045045  -6.019684073068623
0.6727054054054054  -6.020633377130181
0.6737063063063062  -6.021580566838708
0.6747072072072071  -6.022525650032899
0.6757081081081081  -6.023468634510826
0.676709009009009  -6.024409528030198
0.6777099099099099  -6.025348338308631
0.6787108108108107  -6.02628507302392
0.6797117117117116  -6.027219739814295
0.6807126126126126  -6.028152346278689
0.6817135135135135  -6.029082899976991
0.6827144144144144  -6.030011408430313
0.6837153153153153  -6.030937879121234
0.6847162162162161  -6.031862319494063
0.685717117117117  -6.032784736955085
0.686718018018018  -6.033705138872813
0.6877189189189189  -6.034623532578232
0.6887198198198198  -6.035539925365051
0.6897207207207207  -6.036454324489937
0.6907216216216215  -6.037366737172765
0.6917225225225225  -6.038277170596853
0.6927234234234234  -6.039185631909199
0.6937243243243243  -6.040092128220724
0.6947252252252252  -6.040996666606494
0.6957261261261261  -6.04189925410596
0.6967270270270269  -6.04279989772319
0.6977279279279279  -6.043698604427092
0.6987288288288288  -6.044595381151641
0.6997297297297297  -6.045490234796106
0.7007306306306306  -6.046383172225276
0.7017315315315314  -6.047274200269674
0.7027324324324324  -6.048163325725781
0.7037333333333333  -6.049050555356255
0.7047342342342342  -6.049935895890143
0.7057351351351351  -6.050819354023099
0.706736036036036  -6.051700936417596
0.7077369369369368  -6.052580649703138
0.7087378378378378  -6.053458500476464
0.7097387387387387  -6.054334495301763
0.7107396396396396  -6.055208640710878
0.7117405405405405  -6.05608094320351
0.7127414414414414  -6.056951409247418
0.7137423423423424  -6.057820045278627
0.7147432432432432  -6.058686857701622
0.7157441441441441  -6.059551852889554
0.716745045045045  -6.060415037184424
0.7177459459459459  -6.061276416897295
0.7187468468468468  -6.062135998308469
0.7197477477477477  -6.062993787667695
0.7207486486486486  -6.063849791194348
0.7217495495495495  -6.064704015077623
0.7227504504504504  -6.065556465476726
0.7237513513513513  -6.066407148521056
0.7247522522522523  -6.067256070310391
0.7257531531531531  -6.068103236915076
0.726754054054054  -6.068948654376197
0.7277549549549549  -6.069792328705772
0.7287558558558558  -6.070634265886925
0.7297567567567567  -6.071474471874062
0.7307576576576577  -6.072312952593053
0.7317585585585585  -6.073149713941409
0.7327594594594594  -6.073984761788446
0.7337603603603603  -6.074818101975471
0.7347612612612612  -6.075649740315945
0.7357621621621622  -6.076479682595656
0.7367630630630631  -6.077307934572891
0.7377639639639639  -6.078134501978598
0.7387648648648648  -6.078959390516556
0.7397657657657657  -6.079782605863542
0.7407666666666666  -6.080604153669493
0.7417675675675676  -6.081424039557668
0.7427684684684684  -6.08224226912481
0.7437693693693693  -6.083058847941314
0.7447702702702702  -6.083873781551371
0.7457711711711711  -6.084687075473141
0.7467720720720721  -6.085498735198902
0.747772972972973  -6.086308766195208
0.7487738738738738  -6.087117173903046
0.7497747747747747  -6.087923963737984
0.7507756756756756  -6.088729141090328
0.7517765765765765  -6.089532711325273
0.7527774774774775  -6.09033467978305
0.7537783783783784  -6.09113505177908
0.7547792792792792  -6.091933832604118
0.7557801801801801  -6.092731027524401
0.756781081081081  -6.093526641781796
0.757781981981982  -6.094320680593942
0.7587828828828829  -6.095113149154394
0.7597837837837838  -6.095904052632769
0.7607846846846846  -6.096693396174882
0.7617855855855855  -6.097481184902894
0.7627864864864864  -6.098267423915445
0.7637873873873874  -6.099052118287797
0.7647882882882883  -6.099835273071967
0.7657891891891891  -6.100616893296873
0.76679009009009  -6.101396983968455
0.7677909909909909  -6.102175550069825
0.7687918918918919  -6.102952596561392
0.7697927927927928  -6.103728128380993
0.7707936936936937  -6.104502150444037
0.7717945945945945  -6.105274667643617
0.7727954954954954  -6.10604568485066
0.7737963963963963  -6.106815206914038
0.7747972972972973  -6.107583238660713
0.7757981981981982  -6.108349784895849
0.7767990990990991  -6.109114850402949
0.7777999999999999  -6.109878439943976
0.7788009009009008  -6.110640558259476
0.7798018018018017  -6.111401210068709
0.7808027027027027  -6.11216040006976
0.7818036036036036  -6.112918132939672
0.7828045045045045  -6.113674413334564
0.7838054054054053  -6.114429245889744
0.7848063063063062  -6.11518263521984
0.7858072072072072  -6.11593458591891
0.7868081081081081  -6.116685102560563
0.787809009009009  -6.117434189698075
0.7888099099099098  -6.118181851864509
0.7898108108108107  -6.11892809357282
0.7908117117117116  -6.119672919315983
0.7918126126126126  -6.120416333567094
0.7928135135135135  -6.121158340779496
0.7938144144144144  -6.121898945386877
0.7948153153153152  -6.122638151803391
0.7958162162162161  -6.123375964423768
0.7968171171171171  -6.124112387623416
0.797818018018018  -6.124847425758542
0.7988189189189189  -6.125581083166249
0.7998198198198198  -6.126313364164651
0.8008207207207206  -6.127044273052975
0.8018216216216215  -6.127773814111673
0.8028225225225225  -6.128501991602519
0.8038234234234234  -6.129228809768722
0.8048243243243243  -6.129954272835024
0.8058252252252252  -6.130678385007807
0.806826126126126  -6.131401150475191
0.807827027027027  -6.132122573407141
0.8088279279279279  -6.132842657955566
0.8098288288288288  -6.133561408254417
0.8108297297297297  -6.134278828419791
0.8118306306306305  -6.134994922550025
0.8128315315315314  -6.135709694725799
0.8138324324324324  -6.136423149010234
0.8148333333333333  -6.137135289448984
0.8158342342342342  -6.137846120070335
0.8168351351351351  -6.138555644885304
0.8178360360360359  -6.13926386788773
0.8188369369369369  -6.139970793054368
0.8198378378378378  -6.140676424344988
0.8208387387387387  -6.141380765702459
0.8218396396396396  -6.142083821052856
0.8228405405405405  -6.142785594305535
0.8238414414414413  -6.143486089353238
0.8248423423423423  -6.144185310072175
0.8258432432432432  -6.14488326032212
0.8268441441441441  -6.145579943946494
0.827845045045045  -6.146275364772465
0.8288459459459459  -6.146969526611023
0.8298468468468468  -6.147662433257076
0.8308477477477477  -6.148354088489536
0.8318486486486486  -6.149044496071404
0.8328495495495495  -6.14973365974986
0.8338504504504504  -6.150421583256337
0.8348513513513512  -6.151108270306623
0.8358522522522522  -6.151793724600934
0.8368531531531531  -6.152477949823998
0.837854054054054  -6.153160949645143
0.8388549549549549  -6.153842727718375
0.8398558558558558  -6.154523287682466
0.8408567567567568  -6.155202633161029
0.8418576576576576  -6.155880767762602
0.8428585585585585  -6.156557695080731
0.8438594594594594  -6.157233418694045
0.8448603603603603  -6.15790794216634
0.8458612612612612  -6.158581269046655
0.8468621621621621  -6.159253402869352
0.847863063063063  -6.159924347154194
0.8488639639639639  -6.160594105406421
0.8498648648648648  -6.161262681116829
0.8508657657657657  -6.161930077761845
0.8518666666666667  -6.162596298803602
0.8528675675675675  -6.163261347690018
0.8538684684684684  -6.163925227854866
0.8548693693693693  -6.164587942717857
0.8558702702702702  -6.165249495684701
0.8568711711711711  -6.165909890147192
0.8578720720720721  -6.166569129483277
0.8588729729729729  -6.167227217057127
0.8598738738738738  -6.167884156219209
0.8608747747747747  -6.168539950306366
0.8618756756756756  -6.169194602641876
0.8628765765765766  -6.169848116535528
0.8638774774774775  -6.170500495283695
0.8648783783783783  -6.171151742169401
0.8658792792792792  -6.17180186046239
0.8668801801801801  -6.172450853419198
0.867881081081081  -6.173098724283216
0.868881981981982  -6.173745476284765
0.8698828828828828  -6.174391112641158
0.8708837837837837  -6.17503563655677
0.8718846846846846  -6.175679051223107
0.8728855855855855  -6.176321359818865
0.8738864864864865  -6.176962565510004
0.8748873873873874  -6.17760267144981
0.8758882882882882  -6.178241680778958
0.8768891891891891  -6.178879596625581
0.87789009009009  -6.179516422105335
0.8788909909909909  -6.180152160321456
0.8798918918918919  -6.180786814364831
0.8808927927927928  -6.181420387314056
0.8818936936936936  -6.182052882235503
0.8828945945945945  -6.182684302183381
0.8838954954954954  -6.183314650199793
0.8848963963963964  -6.183943929314806
0.8858972972972973  -6.184572142546505
0.8868981981981982  -6.185199292901062
0.887899099099099  -6.185825383372784
0.8888999999999999  -6.186450416944185
0.8899009009009008  -6.187074396586041
0.8909018018018018  -6.187697325257449
0.8919027027027027  -6.188319205905885
0.8929036036036035  -6.188940041467266
0.8939045045045044  -6.189559834866004
0.8949054054054053  -6.190178589015067
0.8959063063063063  -6.190796306816038
0.8969072072072072  -6.191412991159166
0.8979081081081081  -6.192028644923429
0.8989090090090089  -6.192643270976588
0.8999099099099098  -6.193256872175242
0.9009108108108107  -6.193869451364886
0.9019117117117117  -6.194481011379965
0.9029126126126126  -6.19509155504393
0.9039135135135135  -6.195701085169293
0.9049144144144143  -6.196309604557677
0.9059153153153152  -6.196917115999881
0.9069162162162162  -6.19752362227592
0.9079171171171171  -6.198129126155088
0.908918018018018  -6.198733630396008
0.9099189189189189  -6.199337137746686
0.9109198198198197  -6.19993965094456
0.9119207207207206  -6.200541172716558
0.9129216216216216  -6.201141705779142
0.9139225225225225  -6.201741252838371
0.9149234234234234  -6.20233981658994
0.9159243243243242  -6.202937399719238
0.9169252252252251  -6.203534004901394
0.9179261261261261  -6.204129634801337
0.918927027027027  -6.204724292073834
0.9199279279279279  -6.205317979363546
0.9209288288288288  -6.205910699305075
0.9219297297297296  -6.20650245452302
0.9229306306306305  -6.207093247632013
0.9239315315315315  -6.20768308123678
0.9249324324324324  -6.208271957932184
0.9259333333333333  -6.208859880303272
0.9269342342342342  -6.20944685092532
0.927935135135135  -6.210032872363892
0.928936036036036  -6.210617947174873
0.9299369369369369  -6.211202077904526
0.9309378378378378  -6.211785267089532
0.9319387387387387  -6.21236751725704
0.9329396396396396  -6.212948830924715
0.9339405405405404  -6.213529210600774
0.9349414414414414  -6.214108658784046
0.9359423423423423  -6.214687177964005
0.9369432432432432  -6.215264770620818
0.9379441441441441  -6.215841439225396
0.9389450450450449  -6.216417186239431
0.9399459459459459  -6.21699201411544
0.9409468468468468  -6.217565925296816
0.9419477477477477  -6.218138922217864
0.9429486486486486  -6.218711007303851
0.9439495495495495  -6.219282182971042
0.9449504504504503  -6.219852451626748
0.9459513513513513  -6.220421815669369
0.9469522522522522  -6.220990277488433
0.9479531531531531  -6.221557839464638
0.948954054054054  -6.222124503969899
0.9499549549549549  -6.222690273367384
0.9509558558558558  -6.22325515001156
0.9519567567567567  -6.223819136248228
0.9529576576576576  -6.224382234414572
0.9539585585585585  -6.224944446839193
0.9549594594594594  -6.225505775842153
0.9559603603603603  -6.226066223735014
0.9569612612612612  -6.226625792820879
0.9579621621621621  -6.227184485394428
0.958963063063063  -6.227742303741964
0.9599639639639639  -6.228299250141447
0.9609648648648648  -6.228855326862536
0.9619657657657658  -6.229410536166625
0.9629666666666666  -6.229964880306887
0.9639675675675675  -6.230518361528302
0.9649684684684684  -6.231070982067711
0.9659693693693693  -6.231622744153838
0.9669702702702702  -6.232173650007338
0.9679711711711712  -6.23272370184083
0.968972072072072  -6.233272901858936
0.9699729729729729  -6.233821252258321
0.9709738738738738  -6.234368755227719
0.9719747747747747  -6.234915412947987
0.9729756756756757  -6.235461227592124
0.9739765765765765  -6.236006201325321
0.9749774774774774  -6.236550336304985
0.9759783783783783  -6.237093634680789
0.9769792792792792  -6.237636098594693
0.9779801801801801  -6.238177730180992
0.9789810810810811  -6.238718531566341
0.9799819819819819  -6.239258504869798
0.9809828828828828  -6.239797652202854
0.9819837837837837  -6.240335975669469
0.9829846846846846  -6.240873477366107
0.9839855855855856  -6.241410159381773
0.9849864864864865  -6.24194602379804
0.9859873873873873  -6.242481072689089
0.9869882882882882  -6.243015308121744
0.9879891891891891  -6.243548732155496
0.98899009009009  -6.244081346842547
0.989990990990991  -6.24461315422784
0.9909918918918919  -6.245144156349088
0.9919927927927927  -6.245674355236812
0.9929936936936936  -6.246203752914369
0.9939945945945945  -6.24673235139799
0.9949954954954955  -6.247260152696805
0.9959963963963964  -6.247787158812885
0.9969972972972972  -6.248313371741264
0.9979981981981981  -6.248838793469974
0.998999099099099  -6.249363425980081
0.9999999999999999  -6.24988727124571
