0.895
4.4685
1.8655
0.554
4.0465
3.223
4.482
4.0765
0.863
2
1.3605
1.0945
3.6525
0.256
2.802
3.3775
4.393
2.153
0.1245
3.2325
0.432
3.931
1.7665
4.077
0.8705
3.73
3.109
1.0035
4.9175
0.9215
0.5525
0.8125
0.39
0.594
4.543
2.6125
3.8175
4.025
1.689
2.8565
1.025
1.2255
3.951
2.854
1.482
1.753
1.2315
4.051
2.082
4.532
0.46
2.5145
3.4635
0.4025
4.7675
4.334
4.1325
2.8765
3.5135
4.05
3.7985
4.0665
3.039
2.3645
4.6605
2.582
4.9775
1.654
1.607
4.8425
4.511
0.808
1.0685
3.462
3.662
0.7265
3.3915
3.07
4.7775
0.4735
2.602
3.4135
1.164
4.2415
3.816
0.932
3.576
1.125
1.9845
2.0895
3.351
3.959
4.332
1.39
1.324
3.993
2.148
4.4775
0.647
3.755